# Created by Octave 3.8.0, Sat Oct 10 00:09:24 2015 EDT <zhuchongwei@ZhuChongweideMacBook-Pro.local>
# name: w
# type: matrix
# rows: 1024
# columns: 1
 0.01190939609275547
 0.04688683662198502
 0.3560839810817724
 -0.1695689987835292
 0.008271193950740739
 -0.140887752925438
 0.07027813562946363
 0.5849499412130658
 -0.05271898745990355
 0.08273959894094524
 0.1195705093861838
 -0.1571969058039557
 0.0833565866628412
 0.009190845544783244
 0.09466224069798232
 -0.01986742865561304
 -0.05101630755701955
 0.03546239186912545
 0.2944699270886453
 0.647620248471516
 0.2875023722077258
 0.08352935367373712
 0.1139273692349697
 0.1010273803357167
 0.02449359992558062
 -0.1841938927421976
 0.1174190905978158
 0.1244978583765795
 0.05660969335267291
 0.09311518017354274
 -0.03230090136155692
 0.2212401007072941
 0.1243198789279469
 -0.2597180327622485
 1.204097670031053
 -0.1144867596937445
 0.1299065536192749
 0.09492397487736645
 -0.1739806810258125
 0.4918398499916823
 0.09972785815476147
 0.0880398352884344
 0.0006281010019296596
 0.3166369451185856
 0.20471235503372
 0.08074384150376888
 0.03076253249432993
 -0.2420308674303581
 -0.03764497629808574
 -0.02819816192458361
 -0.06490105767560427
 0.07776943448669993
 0.1102721120705493
 0.6902267949631341
 -0.4134299566427623
 0.2315475146806012
 -0.05918669833279301
 0.1896656978999993
 0.0391419541407088
 0.3101368316958629
 0.9214957853625583
 -0.04206105396713353
 0.1246863368775467
 -0.4872241832194467
 0.0619727694758127
 0.189852970217924
 0.1518614454157236
 0.01130183350979999
 -0.02097737013850088
 0.09596986422569409
 3.582154063066122
 -0.05018700176534891
 -0.07659074294616024
 -0.003263290858435137
 -0.7840957832633152
 -0.5869696280442335
 -0.2726772021757232
 -0.05644384115419657
 0.1880910647836633
 0.09361335763229355
 0.002834934020059373
 0.03706717979415493
 0.1259989659208564
 0.0709937819571798
 -0.03942353211477291
 0.301882997703586
 0.01623047028736455
 0.07711631616649695
 0.2074781618939819
 0.2296842715448237
 0.0890950735265512
 0.2250196132717091
 0.08139777800842993
 0.05647269192993365
 -0.1621671576356212
 -0.07514688620663544
 -0.08382825835894921
 0.3893212520321429
 -0.1201042545480945
 0.4854121600593294
 -1.062167123070932
 0.06861884585014043
 0.1349759947650333
 0.2155796269361604
 -1.707680764356668
 0.08892110963304116
 -0.2209687329940392
 0.1357019676316898
 -0.656056074197665
 0.3498172791822525
 -0.1837494518412679
 0.1946230821765147
 0.5442591854199433
 0.0387107945123187
 0.03396879008039966
 -0.02244815857084359
 -0.9811791267712693
 -0.08263831027743117
 0.161560445997692
 0.1194817496211367
 0.2861994652263356
 0.2972226513654936
 -0.03656795669345994
 -0.1765941120625774
 -0.2691212048848596
 0.03443078875964947
 0.002937137347177475
 0.02051511316973369
 0.08956998447896454
 0.2728059549245516
 -0.1036256003320233
 -0.05734782854696002
 -0.2523588369372509
 0.1440710278158759
 -0.01142446330149055
 0.2196836334471614
 0.1556221847916521
 -0.2258513576178639
 0.0237464490438421
 -0.02097333994679861
 0.1320597218559926
 0.0818380443880274
 0.1368698007255096
 0.1256011216860757
 0.4431763731371301
 -0.2776736469379723
 0.09340988671926402
 0.1908227333994615
 -0.1176471410376426
 0.04444000520202448
 0.1051809341994552
 0.186992781853121
 -0.06705722793336499
 -1.461098266741256
 -0.3914937526089525
 0.2377529761066219
 0.0009715333384400373
 0.6666858543879997
 -0.5307845504669133
 0.09483483541400636
 0.1544059675978588
 0.1047863053066596
 0.9217834531564869
 -0.173318421419447
 -0.639057091022988
 0.6954132796242105
 0.176764393173003
 0.04390678880400234
 0.0239269114542823
 0.1152881086990545
 -0.8284961151501595
 0.03913118043080553
 0.5911706605722249
 -0.1567524892627264
 0.09155360203702065
 0.1023919607427245
 0.01323965491637777
 0.009055248175985615
 0.8711910793238932
 -0.4289266068126481
 0.03289460822645558
 0.06973171966788337
 0.1079172237173933
 1.404678920180222
 0.1651967635273245
 -0.007614027167609937
 -0.2148665414490935
 -0.01023029045917865
 -0.06277497176875024
 -0.06208549866430884
 0.1616372423394566
 0.08868183226880051
 0.08499315366263534
 0.05888484290295822
 0.4650820986168583
 0.06588882889599397
 -0.3862553441231112
 -0.08487813390002955
 0.05256937426368883
 -0.08044128289408381
 0.09031312025945097
 -0.8249984531721436
 0.1454802008547975
 -0.7187087675035205
 0.1594120323333682
 -0.06428692220573223
 0.1173836334477324
 0.1275669075101525
 -0.02445122072972293
 0.170671375785256
 -0.4711496940948531
 0.1174994786746844
 1.177960282313371
 0.1001347494964964
 0.05458949952691196
 0.1888934570331618
 -2.127492035150087
 -0.2132153804572132
 -0.2329258006440404
 -0.06069207151873127
 -0.2217405377310916
 -0.6917713693001796
 -0.02384263593177949
 -0.1634195005262107
 0.261787760687603
 0.2955153261845216
 1.419954713026384
 0.07590881076917246
 0.08958437680145993
 0.1674626036515948
 0.004696940281584825
 0.1265181930021237
 0.1529942414834392
 0.2408152303104035
 -0.1014500937173521
 0.4617987712624387
 0.1924847957237836
 0.09097643223338564
 -0.1222286899586712
 0.3861026734024028
 0.1257875875232517
 0.1003004851659802
 0.007592704466251646
 -0.4893383824298934
 0.5671931343050397
 -0.1028491754824786
 -0.4811290046017793
 -0.04266526178391326
 0.5060886022994943
 0.09714975218555301
 -0.1037454532025851
 0.149096009581155
 0.2158911859868357
 0.2860779126934705
 0.09628324765849119
 -0.1115027413531039
 -0.1054969988949788
 0.07813500508759107
 0.1571452670552492
 -0.1111380445104643
 -0.07594637900329762
 0.2900878342478125
 -4.017974985635457
 0.0802708905326102
 -0.1169676935339768
 0.08894836624717155
 0.6008524346998754
 0.01498685416128643
 0.2077758689822586
 0.1368188525285
 -0.03246620400175645
 -0.08713757118543575
 0.1436012764559546
 0.0773213456779246
 0.0271194493543229
 0.1704701130248569
 0.07963208199527147
 0.09336783123075443
 0.2611172578630541
 0.0716584720472392
 -0.006079108229038888
 0.03925209557030186
 -0.07339296653725337
 0.06216104770188577
 -0.1032492468371975
 0.06493141445464914
 0.1544178119839848
 -0.265068417796489
 0.03691940571440943
 0.4970348608062481
 -0.05182606547118657
 0.1403842379551748
 0.1215893195534705
 -0.1151154963213777
 0.1205101609435763
 0.9973647814289928
 0.5225846655565276
 -0.009232874466385165
 0.004192694841304048
 0.08775351126999761
 2.136163512591562
 0.1116001135312125
 0.7348188442296923
 0.2311102658679556
 0.1646247490596892
 -0.01892630950792529
 0.4150109584500671
 -0.1322742790447413
 0.1622890458054479
 0.02345380147841822
 0.6787521474586937
 -0.008244294177700553
 0.4790046801895822
 0.1060498145432958
 0.2942498864032395
 0.1046658008168159
 0.1134580710024273
 -0.03099764276614146
 0.2661860894486822
 -5.864150863305525
 0.04092015196507491
 0.1761914166680688
 0.3779844412049319
 0.2553643009805169
 -0.3543947375463029
 0.7358091868666229
 0.05066032048764747
 0.1829865473618768
 0.2199300679415297
 0.07696269772619836
 0.3246950761564666
 -0.1528041897882406
 -0.1956243420236856
 0.1697987730507951
 0.1403232999584657
 0.2332713541244084
 -1.05530065377139
 0.4554940799348341
 0.02097451212415711
 0.131584808641071
 -0.06732818787791309
 0.1128148904544223
 0.04770434064670152
 -0.04576933381003541
 0.05499133502294915
 -0.1091204280633874
 0.2352463550259195
 -0.07125982491101356
 -0.2085095831114324
 0.07056041823684259
 0.2205847639907827
 -0.09026457949106063
 0.01249558904427038
 -0.2044214563696858
 0.3239517051354336
 0.2946704738573931
 0.1833128353649032
 -0.06146577617221278
 0.246583912309496
 -0.08597320538223366
 0.7930247024483958
 0.1184339901488524
 0.04265016503867355
 0.1402504405179993
 0.09180594954582394
 0.109405360228659
 0.04810324444614349
 0.1515925355071156
 0.005951790127184981
 0.03924976683284291
 -0.1576053807555923
 -0.1199232864337177
 -0.2502994304919766
 -0.280819834776884
 -0.01974346003573326
 0.09707801938641782
 -0.01815006962728494
 0.9959425618012357
 0.09191291592882601
 0.00301022374796214
