# Created by Octave 3.8.0, Sat Oct 10 00:55:19 2015 EDT <zhuchongwei@ZhuChongweideMacBook-Pro.local>
# name: w
# type: matrix
# rows: 1024
# columns: 1
 0.02975798140681728
 0.07926899865166358
 0.7111163220150598
 -0.3181344912466371
 -0.006024407418633557
 -0.3117252943917922
 0.1402438487004149
 0.9665735611429408
 -0.09353193494038428
 0.1556451973351245
 0.2401728493930746
 -0.3094531529724187
 0.1531611734777246
 0.004813955743682238
 0.178418635808815
 -0.04564129211104016
 -0.1267220084173586
 0.05706520016424443
 0.5296755239111002
 1.185145226173333
 0.4900642695169223
 0.1716329694759897
 0.2132168888473668
 0.1740240825015248
 0.0220632444938312
 -0.2772506190641682
 0.2245459400648432
 0.2252771002794557
 0.09854997088578285
 0.1532374477460972
 -0.08340508196916309
 0.3990383245582912
 0.214379420671298
 -0.6892806683604302
 2.274664500811706
 -0.2177071899715169
 0.2475736944230434
 0.1716262787771056
 -0.365136961958659
 0.8941099216206119
 0.1729038764325712
 0.1575914983163132
 -0.01597604258100986
 0.6138576698809772
 0.3917311563459776
 0.1220081247631306
 0.05545644107546659
 -0.495588941618254
 -0.08175256099184999
 -0.03324427778550219
 -0.05610365201200642
 0.1575568697792853
 0.2060401865205906
 1.184362184063124
 -0.7355589340730603
 0.4034584725633638
 -0.135001469619124
 0.4394993842954613
 0.07271287497736022
 0.5454541334025386
 1.63189909526206
 -0.06632341887683255
 0.221242163052629
 -0.7808889015755494
 0.1118262245395801
 0.4474644058768227
 0.2793307679653408
 0.005976333948260688
 -0.04406590561147972
 0.1696678293156572
 6.505775232639464
 -0.1281881074524268
 -0.1827165537878735
 -0.03132011996743117
 -1.549861298701417
 -0.9448150239710508
 -0.4589085511828054
 0.1133990087562175
 0.3228638235262812
 0.1767580193635674
 -0.004113476597383665
 0.05205181318714522
 0.2314121783096024
 0.1157896762501424
 -0.06593696048058312
 0.5694347000653892
 0.02934793443922036
 0.1250614465858926
 0.3888363045995195
 0.4111026958646523
 0.1443973503133212
 0.3941368571287014
 0.1651665255319811
 0.08934964095439328
 -0.2467394898318485
 -0.1599618241249649
 -0.1716564960163814
 0.7132376572966882
 -0.2653569759723732
 0.6559809976222483
 -1.807606564925937
 0.1110244393565885
 0.265353358094315
 0.3931631788020252
 -2.992265512621929
 0.1508074466602737
 -0.4402616534857793
 0.3076792731924247
 -1.296380117706211
 0.6754611019315536
 -0.1784560716370361
 0.3437816198117007
 1.09600675874189
 0.07111475874177735
 0.04232633934678637
 -0.03928305165787081
 -1.663094471023981
 -0.1503065078619312
 0.2870466257096113
 0.2104266281128731
 0.5062108798245722
 0.4950415970487351
 -0.08747512044846768
 -0.3481820805701992
 -0.5424459020278719
 0.02711481128983075
 0.008773201096847445
 -0.01345960166876402
 0.1111739981430713
 0.4363565412362224
 -0.2318137806537789
 -0.1511598549699474
 -0.4504590094180331
 0.2549051921594494
 -0.03689799709973073
 0.3948438277944711
 0.3112335857596771
 -0.4409056693780261
 0.04046062692031313
 -0.04564180957881937
 0.2372405587829007
 0.1375911350262606
 0.2447568851044099
 0.2350495305388745
 0.6443932706308636
 -0.4513328753876525
 0.1454692906296662
 0.3623470973284829
 -0.2251948931735579
 0.3065002712020179
 0.1944985879117468
 0.3196627563786058
 -0.1788043997860973
 -2.684982308120392
 -0.7390896073760352
 0.3657697825509507
 -0.01397640968313781
 1.203861446662792
 -0.8674558202019906
 0.167562893828074
 0.2805181834341771
 0.1785810386811965
 1.577366062022602
 -0.3160707648178293
 -0.2042228365104191
 1.292255573430476
 0.3252784750613171
 0.07880792059693797
 0.03984576404849868
 0.2015814812394984
 -1.36377514506524
 0.07037682733040962
 1.053089088879949
 -0.2531382317251717
 0.1576563808773206
 0.138514883364299
 0.01570824517622357
 -0.01099659871139231
 1.645109361988473
 -0.8533143975167405
 0.05167215753939623
 0.1109959161145518
 0.1787955203151367
 2.492843929955424
 0.3020253468874131
 -0.0205959873110522
 -0.1299858810156324
 -0.02161333754680576
 -0.1336179565127859
 -0.1344010469412117
 0.3095257732133197
 0.1727519495358258
 0.1498437213634324
 0.1145190778421506
 0.9052585345427335
 0.09154253180638965
 -0.6365929935669965
 -0.1511233611832972
 0.1021646074934909
 -0.153103017580561
 0.1424601575311616
 -1.087654877028881
 0.2597828252098027
 -1.060088104606587
 0.2943093676179312
 -0.1359486115502435
 0.2295570158913968
 0.2118491411743
 -0.04406550695361178
 0.2975277192527901
 -0.796006572378089
 0.2142433175433417
 1.788132441129467
 0.1851537253086887
 0.11676246678843
 0.3854481223793885
 -2.787899606183963
 -0.3604649351137328
 -0.4169769872155543
 -0.1150396477550609
 -0.4113926922520132
 -1.148161939800944
 -0.03703102247108057
 -0.2781341287866812
 0.4638195424151668
 0.4747299546350086
 2.343584356215573
 0.1373958245776592
 0.1674873564939822
 0.2956409286474146
 -0.08408163406625473
 0.2323082784605434
 0.2982046868314516
 0.4614186007364362
 -0.2190019426073385
 0.8238436990946626
 0.3695624695433365
 0.1571400962650318
 -0.2451840452880348
 0.7167777536300184
 0.2227069140065815
 0.1871071317389394
 0.01466408142470466
 -0.7958589547193041
 1.040265312526975
 -0.1800463438978493
 -0.9126276178452596
 -0.09064231365957838
 0.9189465337861868
 0.1673378071193289
 -0.2622639139919111
 0.2646867539706639
 0.4012800923016434
 0.5172062809529947
 0.1610740432323259
 -0.2246306184987558
 -0.2181618299270769
 0.130783923039945
 0.2826952567554879
 -0.2511851487981224
 -0.1349453630670812
 0.5441983773618542
 -5.676718282483299
 0.1376991825369436
 -0.2362563790808038
 0.1644973522944181
 1.058362265848517
 0.03166478111206573
 0.3998268351497503
 0.2420739362752917
 -0.07878933576755415
 0.06155607231337127
 0.254670327646181
 0.1361892183552065
 0.03779951959715151
 0.3267942027085318
 0.1364618760410602
 0.1849332333809028
 0.4345676903639178
 0.1439973958159936
 -0.02066107411783613
 0.04810204868168899
 -0.1461531083499857
 0.1277435263178473
 -0.1817021078330736
 0.1193767307957154
 0.2973022973081297
 -0.4257471639572666
 0.07546434698376361
 0.9862938151755383
 -0.1292215915967432
 0.2487344246843987
 0.2220201953045216
 -0.2257108413579501
 0.1913108321304398
 0.9874195266506178
 0.9040343498715596
 -0.01745852854502438
 0.00766701843186091
 0.01858795829890247
 3.701567692889164
 0.1895190033000001
 1.005950127341128
 0.4236691069118708
 0.3102722277797085
 -0.1415940323038271
 0.7191235067590306
 -0.433940368173251
 0.2973503392216696
 0.05189251476663745
 1.292935794361824
 0.07747297742620576
 0.8879088895810811
 0.1774848423826771
 0.5560191106884279
 0.1730047274423495
 0.2041161518893869
 -0.05074608591665122
 0.4732437749943478
 -6.772881365772867
 0.04943034562548032
 0.2603568596510319
 0.6919283573744756
 0.5059688180631974
 -0.4433876443853289
 1.358994318609376
 0.08285189927252049
 0.3562952330318114
 0.4337160367321039
 0.156208446157738
 0.606096291219381
 -0.3753107594985745
 -0.2984127188168473
 0.2863301452913476
 0.2668190736757692
 0.4522924614034522
 -1.851095145814249
 0.8337332228076814
 0.04156377966336157
 0.2213033754772389
 -0.1569273159121087
 0.2160659097720116
 0.06286443320674893
 -0.07855023211559538
 0.1004970354586641
 -0.2420381479254005
 1.126139152234806
 -0.1197534512618267
 -0.5548283472964586
 0.1208338560627578
 0.266969880167275
 -0.2148985530521146
 0.02585041457345295
 -0.3759927504091667
 0.5874632097238077
 0.5704691394871388
 0.342553312975478
 -0.0353548601231077
 0.4295507882710546
 -0.197039328776981
 1.394676655628007
 0.196966970449463
 0.05040080696348181
 0.2596627004076186
 0.1841832597633269
 0.1970403099241021
 0.02855929978181082
 0.2358917286384868
 0.0009186208109662673
 0.04544522912267039
 -0.3345047006047429
 -0.2404044918718052
 -0.4698319238325445
 -0.5230767815785627
 -0.05859497153839298
 0.1423184340895525
 0.002827076649276377
 1.561989487283618
 0.177841308246252
 -0.02581698548148693
 0.5839479780481343
 0.8539551887835476
 -0.4664910453671406
 0.1143134342268307
 0.1409605155760006
