# Created by Octave 3.8.0, Sat Oct 10 00:24:22 2015 EDT <zhuchongwei@ZhuChongweideMacBook-Pro.local>
# name: w
# type: matrix
# rows: 1024
# columns: 1
 -0.04393657931107961
 -0.03851251594215951
 0.0005103387051322815
 -0.1775457045522695
 -0.04270488561780955
 -0.1293923352502
 -0.003705008538349254
 0.3367829971133123
 -0.09370836817938014
 0.0006512687721108021
 0.01070672708116253
 -0.1151426778236686
 0.003325176930523086
 -0.02560599017251385
 0.02925988484870268
 -0.07256114868478822
 -0.1401955197227174
 -0.007111186111760192
 0.1204818579324102
 0.3199940645794433
 0.1279331072998654
 -0.006164761644862813
 0.03691391924745899
 0.02953387806621888
 -0.04971605930196445
 -0.204848433445628
 0.03719280079037304
 0.03687320221407856
 0.002349408449655258
 0.02818782629022272
 -0.07019468436015189
 0.1010147398806662
 0.04898830928007291
 -0.1429891033352033
 0.5811233199693939
 -0.1530152378681533
 0.05102745792091967
 0.02741021434862112
 -0.355063644133834
 0.2554017130706126
 0.02043139043205133
 -0.001632226045345438
 -0.03862824757875007
 0.1259137781086681
 0.005302922074332769
 -0.008551573025995398
 -0.0300538399603064
 -0.2745631027213882
 -0.0804590191292389
 -1.544787782401545
 -0.09552442306214279
 -0.0341866103258213
 0.02132511113722255
 0.1712883107563269
 -0.4745538356240825
 0.0712604594579825
 -0.0698661138919944
 -0.007266246392450689
 -0.01478208544643072
 0.09824960499568273
 0.4864485414514202
 -0.08004458694252468
 0.03756464625967555
 -0.374977151117403
 0.00575409016896323
 -0.423515770810232
 0.05927521640994185
 -0.02344858427334547
 -0.09613510762127568
 0.02342925326484174
 1.503957263367108
 -0.08322899406168556
 -0.07100209272740018
 -0.03255662457939876
 -0.5793867414333568
 -0.5726510613917124
 -0.2556977608113729
 -0.5262520430697085
 0.08326688981960158
 -0.04829763810705632
 -0.05839561773657171
 -0.0004577265948305133
 0.05820471487132964
 0.02271405121254491
 -0.1643991044605411
 0.1317206632210164
 -0.05853069529626515
 0.00549034173209127
 0.03910119908276537
 0.09860342804234014
 0.0283921433784713
 0.08375640266518826
 -0.005762479026081937
 -0.002742072177331833
 -0.1827088569167016
 -0.1030562588408719
 -0.09846404275836122
 0.1693775900304351
 -0.1197580069864213
 0.3181534676922293
 -0.8463164997430117
 0.0131297704691516
 0.02414972754834898
 0.04982401667502284
 -1.376023534326446
 0.01130038037035136
 -0.1766527720575038
 -0.03062175915626235
 -0.6012030136102328
 0.1347948445370937
 -0.5016414592879431
 0.06859369986751858
 0.2277642517994325
 -0.02693059026103687
 -0.01482622896459397
 -0.05816263585813965
 -0.8126745432465721
 -0.09042905886147143
 0.06830907462225005
 0.03693680115487707
 0.1275296999413676
 0.132377629874144
 -0.05053305651935586
 -0.1698001995451693
 -0.2242244426640066
 -0.0193477879737635
 -0.0456569050904506
 -0.0357754181939393
 0.01967257893003668
 0.1450736454032096
 -0.08350664975138687
 -0.07903111909097485
 -0.2561386183343369
 0.03673115366113262
 -0.03811047340637743
 0.09210752141942524
 0.06127776999748449
 -0.2030621530638529
 -0.02735748544841263
 -0.06022287694827993
 0.03963722054702325
 0.01187340542639351
 0.04664574155292345
 0.04173125997048177
 0.2701570848312424
 -0.2133052290609374
 0.0160258044069814
 0.06011484421303667
 -0.1228634361053738
 -0.5409139937955308
 0.02033613775017601
 0.02202266777657635
 -0.0717586470792264
 -1.330587248969947
 -0.3938326663090029
 0.1224825203992147
 -0.02028666198767683
 0.3043411488495852
 -0.3951071952800206
 0.02370090259219514
 -0.07295775762611592
 0.00269096154330853
 0.435931721127179
 -0.2034216675376923
 -2.524135596595507
 0.3058993659151869
 0.05759328502631957
 -0.02860258846076259
 -0.06687312108204901
 0.03189281633896845
 -0.5887611677197332
 -0.03910484398867036
 0.2719632487795183
 -0.1825486651611367
 0.04004706113654155
 0.04186401960184321
 -0.05047077316735098
 -0.01235952513489717
 0.2579699600363549
 -0.3763783573135369
 -0.003125546612488938
 0.01185616106157412
 -0.003676790368320532
 0.7117035492609196
 0.06964028254828333
 -0.1401633115038181
 -0.3265805169860895
 -0.063056558169761
 -0.06772605026574675
 -0.07540418359885784
 0.05473897188764699
 -0.0002476848076121839
 0.00439303907779811
 -0.01630284666295611
 0.1218634252116968
 0.009006002438713618
 -0.3988092508015315
 -0.1085488328606043
 0.002643402375037308
 -0.1026527538063663
 0.02464577045804447
 -1.319367777166932
 -0.002026594522852405
 -0.8691218132966213
 -0.002595398486578157
 -0.0860971047458113
 -0.03521159038890657
 -0.04197105756408224
 -0.06261323849853787
 0.06100496802617733
 -0.3589007816216128
 0.03589731808668495
 0.7667999423875761
 0.02253500933488831
 -0.06828813958919662
 0.008720216101290241
 -3.550067730735539
 -0.4084161378035781
 -0.1887556038025509
 -0.08260045387536041
 -0.213322488168288
 -0.6959570397383207
 -0.06091974023351872
 -0.2191756771488294
 0.09631020309291445
 0.1088114191868319
 0.7917054671661029
 0.02056164293586257
 -0.03959926146688427
 0.03729090103987805
 -0.08088053050479917
 0.04534530881412612
 0.0421635450508098
 0.09360535261288086
 -0.1095896874116043
 0.1389564323502445
 0.05818524414927789
 0.004908604543187661
 -0.1251137362834856
 0.1730179563625954
 0.01427355647504856
 0.00487824526095602
 -0.06191615280462816
 -0.5573512952154601
 0.2598420772980298
 -0.1457906703332953
 -0.4522742776750037
 -0.05382273392044823
 0.2311045642769891
 0.01486847596513234
 -0.1072048377611443
 0.042508567936618
 0.06998092344796719
 0.1178713691705549
 0.0164138454653549
 -0.08838849448614733
 -0.1233580330562222
 0.01948474676039346
 0.02756318605444383
 -0.1034849543113293
 -0.1058945526028793
 0.08672463990286869
 -3.646658276815439
 0.003918294631559741
 -0.1362267993488896
 -0.04194295452252628
 0.3225938232396992
 -0.0210739820286176
 0.08773418943069082
 0.05713312154284247
 -0.08061188630748502
 -0.2330636122848469
 0.03826036175239052
 0.01101680953054171
 -0.02558973956160483
 0.0308944944322716
 0.02548289850793007
 -0.01447374006145517
 0.1366155115029521
 -0.001661216866258939
 -0.02998557317509151
 -0.02613178113985602
 -0.09403036123824826
 -0.005840827476587602
 -0.120956924941336
 0.01279236060958252
 0.04922163106524086
 -0.2422005537121865
 -0.0002711758447264255
 0.188013060216674
 -0.06546330201076435
 0.05052515914908393
 0.0395487041223801
 -0.119755739275283
 0.02918931848528329
 0.7780220592566064
 0.2701864810078756
 -0.02259064066484144
 -0.02704448301845361
 0.05454215699477678
 1.168348944311365
 0.008106320888161258
 -0.6076687643012315
 0.07191410478970281
 0.07421725021204896
 -0.05569997975868388
 0.1733683350852054
 -0.06509785755161683
 0.03545805641762274
 -0.07128102096975163
 0.2899357339867603
 -0.2141622817610263
 0.08412725868553785
 0.03749888811430771
 0.1137090757692744
 0.03244108303677341
 0.02093385831943413
 -0.07174914029450619
 0.1201203900215714
 -5.176740546802157
 0.009371319934905637
 0.09077655898461863
 0.124077972983253
 0.06488462611882251
 -0.6982877494218533
 0.2367995278376438
 0.0001396258598181393
 -0.2536575583366376
 0.07970397760113367
 -0.006753700995203584
 0.1122030838678829
 -0.1001940191150864
 -0.3520040644433998
 -0.02880268690262485
 0.02722963688092098
 0.0822276668333278
 -0.8831951660726686
 0.2107585155466942
 -0.01668693316456425
 0.04992504883382128
 -0.1109284121837477
 0.03563991855432279
 0.01669182364869463
 -0.1089289389473469
 -0.001364748550740607
 -0.1474416053082947
 -2.204125557433875
 -0.09134465437132062
 -0.1123781130440219
 0.005419888864114639
 0.1249766301461487
 -0.07704869283636441
 -0.142377575984112
 -0.2162854286093527
 0.1413521192800043
 0.1267120978883537
 0.05462774296378961
 -0.1074965387203793
 0.1131897859112093
 -0.1209725280906261
 0.07288127073380557
 0.03527314768711542
 -0.04377194062329225
 0.03556570264474296
 0.003482475287983212
 0.02806380425415838
 0.001577685826845926
 0.01763597960861884
 -0.03726606889024141
 0.009251984271797397
 -0.1373947021883981
