# Created by Octave 3.8.0, Thu Oct 22 23:19:24 2015 EDT <zhuchongwei@ZhuChongweideMacBook-Pro.local>
# name: w
# type: matrix
# rows: 1024
# columns: 1
 0.000800120094480406
 7.418437709524035e-07
 0.9245537090854893
 -0.1274337272490534
 -0.0003433997676136104
 -0.2129142727721307
 0.002381508986930665
 1.1410483781001
 -0.0001517783111554432
 0.002360293479496032
 0.009620652312495096
 -0.1316592338793381
 0.001481689583487822
 -8.790724122509807e-19
 0.00304679353906174
 -5.376404043688958e-05
 -0.002153433906758671
 0.0008584967993023275
 0.4914804648191324
 1.665211566868702
 0.3747323241240718
 0.003708534688031828
 0.006653706543023758
 0.003067880364496439
 -3.227811138432714e-18
 -0.003140493268581386
 0.003782541664581074
 0.0004498998079144305
 0.0003442021493248247
 0.0001120505721166815
 -0.00268628490123926
 0.2615364471223421
 0.01021952131007758
 -1.074312166266309
 3.684466743916942
 -0.01902554244102991
 0.01236858358347859
 0.005743810945780826
 -0.2547638989513337
 1.171650885991568
 0.003577582698965814
 0.003131904377517087
 -2.906796815028531e-12
 0.7019305326242319
 0.2712684497165475
 1.742135912879228e-06
 0.000272858239497762
 -0.5141275134757809
 -0.0003299569169390506
 -0.001573343440906072
 -3.181252404176391e-18
 0.004055609443948778
 0.006979262455998559
 1.466825873464557
 -0.8479901289316399
 0.2525474665941974
 -0.0009063275210547242
 0.4960348925036449
 3.324782987044827e-05
 0.5065939813435694
 2.413826549769194
 -0.000522768443404522
 1.249244192664436e-05
 -0.7993652574643157
 0.002195030037066584
 0.40948464406423
 0.06014824340810857
 -8.090306203413195e-19
 -8.980264701519719e-08
 0.00499187050288856
 10.6936886223059
 -0.005717429784219333
 -0.01501513163364305
 -6.39202009259895e-08
 -2.459453382701831
 -1.051279378395596
 -0.3134515648996035
 0.1311873414692989
 0.1070461933990011
 0.005709148074927588
 -2.250616018649003e-09
 5.597639841938788e-08
 0.006931950299736984
 0.0003514730263975046
 -1.535859364789837e-06
 0.5867686794523628
 -3.063864394572416e-18
 0.0003063445823420451
 0.273318664390535
 0.2978188920786091
 0.001316482915742248
 0.2369013093973561
 0.007187448941191862
 1.333537469988621e-07
 -0.004766178839063912
 -0.002579319263178022
 -0.0003649867003684341
 0.8308534821286451
 -0.08645345551932743
 0.4515077483221694
 -2.597771997705672
 0.0002240655944797147
 0.04576451679041832
 0.2485314444814087
 -4.764238527529908
 0.0004250641485915671
 -0.3861824088963156
 0.1792487938475901
 -2.051840679894138
 0.8446581812837498
 -0.002531991205389824
 0.1515975335206781
 1.669157080730489
 2.364318014151665e-05
 2.247574137183697e-18
 -0.0003989479251755686
 -2.34454903523059
 -0.0001558230834990628
 0.03640317776140931
 0.0152958621601225
 0.4370679809764398
 0.3835368091993694
 -0.00215201546391206
 -0.2095394386843404
 -0.5940380422142684
 -2.246501922260909e-10
 1.384815876080079e-08
 -0.0004325832009432735
 2.051044514035037e-05
 0.2544349477970848
 -0.02100977199248816
 -0.003304536269065666
 -0.3350396410538707
 0.0001830009683283297
 -9.211298029327183e-06
 0.2652806149163299
 0.1514571054270001
 -0.3567241748752205
 0.0002909336294397335
 -2.392909462663753e-07
 0.002126705171065698
 0.0004045664973661795
 0.008034703234344426
 0.00256686374943214
 0.4770250249076469
 -0.2780060076791075
 0.0005255486772270017
 0.2215329787095571
 -0.001322347313973236
 0.384393704418328
 0.01261669262457396
 0.07007493195036657
 -0.004620259080905063
 -4.301080040951081
 -0.9116410532612235
 0.09734547549528044
 -6.778360879212223e-07
 1.652223268653161
 -0.9793986728511521
 0.002188753399910956
 0.06083097647588175
 0.003229316804344627
 2.128991830119271
 -0.1174180215913953
 0.2469916739558507
 1.873364803712677
 0.1210336141362718
 0.0002030411208721872
 0.0008715557894833453
 0.01045887286595973
 -1.813453910298162
 0.001444320696146271
 1.349662122772017
 -0.00460368262513154
 0.007044462799204366
 5.827061868495658e-06
 -3.482241256789113e-18
 -1.005021343084179e-07
 2.526552333111705
 -1.193501567582216
 1.030976334282856e-09
 5.903431046293095e-06
 0.009247478105676011
 3.773202110312037
 0.09608990554306947
 -1.878826535251423e-05
 1.950051730940962e-07
 -0.0002569654242186442
 -0.003816254397872173
 -0.003271911725455681
 0.1312900821465832
 0.007049637114106641
 0.007119427763578929
 0.001435083642783491
 1.224768436926126
 2.310552125320562e-05
 -0.5546628353533268
 -0.002587294007484591
 0.0005664975282209064
 -0.007970394537024859
 2.093773994144702e-06
 -1.18925913851563
 0.01853160035957445
 -1.113373622176384
 0.07680006284728171
 -0.001233696872128086
 0.009611719889023868
 0.005040402320698957
 -3.525341853034428e-06
 0.07474017445480403
 -0.8979447689281383
 3.576811895091498e-05
 2.343900244772234
 0.003193465275074021
 0.002256801468386321
 0.288028150093585
 -3.394977687231861
 -0.2030922202414159
 -0.28747902379959
 -1.267067809383958e-05
 -0.2910362912660401
 -1.48144226800194
 -0.0001168183339317298
 -0.02777587871251378
 0.3635557025675499
 0.2998142955648708
 3.409270345608502
 0.0001115108395880385
 0.001031668840657713
 0.06250288241851087
 -0.009927426391787847
 0.01651312342885534
 0.1098788100503193
 0.4078194082122622
 -0.08182003612773828
 0.9763419546673689
 0.2417718016482051
 0.006195987890113871
 -0.01389376554685778
 0.8488383131776013
 0.01639919220485818
 0.006090104475099505
 1.946188462964935e-14
 -0.8912972362784011
 1.414190776586167
 -0.006285566888226003
 -1.185425488778906
 -0.0002744006584061006
 1.173031446637967
 0.0007292782506686593
 -0.1325502451294274
 0.007449399633913503
 0.2886891812393478
 0.4697301839508195
 0.003523576081013801
 -0.00477722710377101
 -0.01663322506283244
 0.00113868601526168
 0.03626914402605343
 -0.07134985730204799
 -0.0006899152683461565
 0.5394921521963482
 -7.355132455333184
 0.001119646625836861
 -0.007961971394523424
 0.001562896530459995
 1.405444046611934
 0.0003328166153613091
 0.2945480305749141
 0.007020053539739861
 -0.0002630642333986073
 0.004123715096146426
 0.0008519550389767262
 0.0007184432164970682
 1.866315622492131e-09
 0.1516547906671865
 0.004990385993458804
 0.01239561864887553
 0.2656401398478795
 0.0001128408997035688
 -3.913858040346202e-07
 6.234959963688065e-09
 -0.002110165217735254
 0.002026371503958927
 -0.007082109607027531
 0.0006167616459955435
 0.1143047127673537
 -0.2258630443976994
 1.459214790665976e-05
 1.426548374177473
 -0.001349264381445321
 0.007193007552612078
 0.007740852244057827
 -0.01650255675440548
 0.002572288198287188
 0.3905461120152123
 1.114070657347044
 -3.496680969828873e-18
 5.800019621704677e-08
 -7.305285815877931e-05
 5.703473024173759
 0.006388219244445944
 0.6711241925400308
 0.3255421012760996
 0.1171411569047682
 -0.003042119654556197
 0.7448093683417967
 -0.5766182045047124
 0.08452273699916771
 1.689650226052284e-07
 1.918147651229592
 0.001661508565988644
 1.15590226257056
 0.002530846560432133
 0.5617383110943927
 0.002471507745191506
 0.01451197932116446
 -5.961812021226573e-12
 0.3816715962751281
 -6.915142232454034
 4.8744034995654e-08
 0.003273568379151864
 0.8178435722691942
 0.4910370705891219
 -0.1041331005694063
 1.931842224021267
 0.001055366732829823
 0.1403716793815839
 0.3801016105592924
 0.003902576012588387
 0.638504818383746
 -0.3398330624751991
 -0.05615525760785817
 0.04878080710963359
 0.03636309954745953
 0.4057251364007479
 -2.766201257128039
 1.04260597513567
 0.0001653258216892132
 0.01537443553992001
 -0.005800752642819526
 0.004233511561817233
 3.766074984420787e-06
 -0.0002245780504291679
 4.172583333262004e-05
 -0.06895143809046438
 2.161845870273662
 -0.001199375683813444
 -0.7788929966968289
 5.377602221936975e-06
 0.00357632832544608
 -0.001095082130261917
 1.455963384887497e-06
 -0.2152020253691724
 0.5930807033385119
 0.6272646789484297
 0.1822713151844133
 4.93863792341239e-18
 0.2956823916393747
 -0.01094207331777429
 1.883969042319734
 0.0002966381534512332
 -4.563645097531555e-19
 0.02079772266149161
