# Created by Octave 3.8.0, Thu Oct 22 23:33:12 2015 EDT <zhuchongwei@ZhuChongweideMacBook-Pro.local>
# name: w
# type: matrix
# rows: 1024
# columns: 1
 0.000167112097791725
 0.03579906747746144
 0.804336292228805
 -0.3247134130131649
 -1.132568462418132e-05
 -0.3352188709741681
 0.1150533506387626
 1.050842776221031
 -0.05624827193313039
 0.1316680336174338
 0.2348095346038211
 -0.3195094556340758
 0.1261411481074841
 7.710688172386186e-06
 0.1577126330807197
 -0.003955137290284633
 -0.1070322892063504
 0.009808859923089558
 0.566637849120994
 1.340989542098483
 0.5093141464997892
 0.1546820302733792
 0.1985934015720996
 0.1455835251134363
 1.223759166323269e-08
 -0.2532001092335061
 0.2121988224112929
 0.210712829348382
 0.05882722275174862
 0.1198594409453278
 -0.05122487937386797
 0.4137535921633014
 0.1932729645226946
 -0.826895067571121
 2.646559850007367
 -0.2068717278197433
 0.2410769189684624
 0.1475313711256729
 -0.3914137422190737
 1.000895877401005
 0.1466012109784725
 0.129042614221384
 -0.000623803731595122
 0.6806438410510429
 0.4103282863683282
 0.07737285232394961
 0.01045624584200959
 -0.546899554265511
 -0.04503564835798268
 -0.01379212656162134
 -0.002317082275475268
 0.1350789146880733
 0.1892272782165695
 1.298680506494917
 -0.812917667673137
 0.4142968111824153
 -0.113455316318459
 0.4946570434542095
 0.03168457289198561
 0.58005335315966
 1.851062800588869
 -0.02015041933247295
 0.2038806099504891
 -0.8332945194441941
 0.07653948199310333
 0.4823630129179469
 0.2758818080534713
 1.368104289036021e-17
 -0.001444369231656592
 0.143933314426773
 7.540723703629144
 -0.1090068848203388
 -0.1751486378178293
 -0.0007351606360072773
 -1.807351792600241
 -1.020611065436507
 -0.4727419700824361
 0.1460744484272711
 0.3202355086673413
 0.1583408371807837
 -3.217956737292519e-06
 0.002550444257865834
 0.2187917609243592
 0.07712125048776901
 -0.02099451898173792
 0.6212324373139667
 0.0001592192488314618
 0.08521969717315482
 0.4072388646019423
 0.4279654666625499
 0.1083632506971987
 0.4048557985471047
 0.145419176540039
 0.04572796575741669
 -0.2209015592123635
 -0.1428289256278575
 -0.1547487343707533
 0.7863472363555742
 -0.2738681108949612
 0.6505923127197873
 -2.038431096110162
 0.07083632630697491
 0.2635291044534597
 0.4060781029470272
 -3.443615377691623
 0.119573910856344
 -0.4784385955301874
 0.3253260084488309
 -1.518626978933175
 0.7563031266521885
 -0.1336634838020304
 0.3460583763043817
 1.272062526000651
 0.02888308323011904
 0.001458048709579809
 -0.003443230500596614
 -1.864346594918456
 -0.1210265901465202
 0.2786902449120946
 0.1893302384563299
 0.5361584623104125
 0.5152571297036799
 -0.05654569714356208
 -0.3657358293643486
 -0.6033852976997669
 1.583528249850098e-06
 3.419152085027779e-11
 -0.0008883439950699448
 0.05722773084399767
 0.440465740076587
 -0.2336420945866547
 -0.1404787347429814
 -0.4744491814217701
 0.2427911110777163
 -0.003946668721941589
 0.4108191075544889
 0.322445332565827
 -0.4727297587901376
 0.0002994169181614645
 -0.001685939255299928
 0.2253613476591686
 0.1029575691631274
 0.2316362837418475
 0.2241530086291344
 0.6494099213466719
 -0.4623698338133796
 0.1058808270691171
 0.3773806925347485
 -0.2156901254256266
 0.3717404197980526
 0.1754638997132177
 0.311182388037784
 -0.1752769876303464
 -3.110483225137964
 -0.8273082624004682
 0.3515686444192784
 -0.0003858373014656606
 1.354059248042332
 -0.9433273831069986
 0.1394074071286782
 0.2725597434522564
 0.1502906102222233
 1.754393042358804
 -0.3208826580975881
 -0.0006621947042612766
 1.472926456756676
 0.3269087945482875
 0.03715536413960108
 0.003383640094090025
 0.1804294203841487
 -1.515078311528586
 0.02642962132862793
 1.171315087022816
 -0.2337257520181984
 0.1274112318800349
 0.09458923444974128
 3.001152830580047e-05
 -0.0006062350490168911
 1.89265283986724
 -0.9811690635201319
 0.003159635820612286
 0.06966761593996183
 0.1501093247784614
 2.840500392516018
 0.3018696511001263
 -0.001300600740103025
 -0.06538759133223589
 -0.001711237268843035
 -0.1077174944122535
 -0.1116893624983545
 0.3162221609583706
 0.1508817979086824
 0.1204172201849573
 0.08265035130625439
 1.02713148772739
 0.04218416526748297
 -0.6694238631102902
 -0.1226322052082499
 0.06841088133217697
 -0.1279041581743203
 0.1051802994477169
 -1.149161513584436
 0.250295204570083
 -1.121228955822823
 0.2913310561249831
 -0.1120718541380203
 0.2183323723163539
 0.1851164328237358
 -0.0002392225324961418
 0.2919195947900957
 -0.8685345520878182
 0.1969779598754424
 1.950492368360403
 0.164752405243061
 0.08653477180829212
 0.4109087034980252
 -2.976446316291804
 -0.372459515846187
 -0.4367025898260641
 -0.08270500012198068
 -0.4333624816857564
 -1.270474072256461
 -0.002594714957271248
 -0.2697213966598855
 0.4871580763708407
 0.4812187347596001
 2.628881927840216
 0.1066956967747361
 0.1431855869123092
 0.2886139536220156
 -0.07625073047540848
 0.2199974598176176
 0.3033429619562336
 0.4969611127452001
 -0.2260212886677387
 0.9059422403141378
 0.3865842553447065
 0.1250626667846439
 -0.2417570237476975
 0.7939617390769483
 0.2030864869758302
 0.1682594960821236
 1.297762833406128e-05
 -0.8638721328218101
 1.171839488129698
 -0.1551473097241673
 -1.027697132388057
 -0.05610035337482146
 1.025462022253714
 0.1375560839797404
 -0.2806509051091769
 0.2535600568507686
 0.4214273793926144
 0.5521376758255823
 0.1303226756244429
 -0.2154495547337738
 -0.2115543341040895
 0.09450421885647589
 0.274868484219589
 -0.2586773457501852
 -0.1029910503200335
 0.589847694040193
 -6.134023496048387
 0.1020628880599453
 -0.2331646048993277
 0.1382601202074157
 1.181574736640569
 0.0006539944366832851
 0.4230940474592528
 0.2270551860150477
 -0.04645461313751788
 0.08121604751396821
 0.2434826038947991
 0.1043079684000567
 0.001408680529782209
 0.3341672886129264
 0.1032721295681193
 0.16709044607408
 0.4415130241564802
 0.1193255266161087
 -0.0009359733728138649
 0.002223746587872411
 -0.1209519610676411
 0.1015751532053379
 -0.1608790180731632
 0.08589160276781968
 0.3020874253807236
 -0.4276736789925505
 0.03823668124291668
 1.132889719810122
 -0.1113735802214956
 0.2353633558800108
 0.2063711788108148
 -0.2194686783971577
 0.1618994965775312
 0.876015309999879
 0.9960156912863412
 -0.00103803441090437
 4.44906924922828e-17
 -0.0001798540435867044
 4.214200120017001
 0.16342193184333
 0.9826767519673889
 0.446049380825472
 0.3138837337387986
 -0.1473177864790244
 0.7757545581178027
 -0.5158100527075771
 0.2957668543669382
 0.007600149365148573
 1.48176100686863
 0.06717534456700963
 0.9949861285012663
 0.1496251705165256
 0.6040441339908597
 0.1417340985484624
 0.1857379813624091
 -0.002894534878613277
 0.4993527794180251
 -6.864352639098577
 0.002205328379551506
 0.2293717861065311
 0.7641451033999638
 0.5501032723698188
 -0.4190066839946164
 1.539370830612319
 0.04006401604032923
 0.351796888501166
 0.468413064978293
 0.1348430778634416
 0.6618181441546007
 -0.416343045467013
 -0.2902705731396571
 0.2735405952926159
 0.2624054121543218
 0.4881594923903766
 -2.108461124849726
 0.9278070781177167
 0.0004693162541497247
 0.2000462304618256
 -0.1440365236943582
 0.2032765418181255
 0.01208564641975346
 -0.03759332580530991
 0.06458160849359867
 -0.2499749363079018
 1.403963799590394
 -0.08364830419232507
 -0.6548573300642458
 0.08335164630168536
 0.2195124394789656
 -0.2153226652371661
 0.001093027861138726
 -0.389731683426458
 0.6359107903748938
 0.6301732394536241
 0.352381587891794
 -0.0001577288082032544
 0.4451996955285256
 -0.1941983191756608
 1.559784651051741
 0.1716242564896269
 0.0007702520517117989
 0.2519886555748156
 0.167313507138635
 0.1759448958264978
 0.0003856196180207316
 0.2086294649666035
 -1.049516158661088e-17
 0.00214111715217642
 -0.3561713744679114
 -0.2376213024498659
 -0.5031371407874793
 -0.5661824329849938
 -0.02214847250438664
 0.09846698022624255
 5.598408427585822e-06
 1.695101956501998
 0.1569274982214002
 -0.002688981428102664
 0.6862374977124447
