# Created by Octave 3.8.0, Fri Oct 23 00:46:29 2015 EDT <zhuchongwei@ZhuChongweideMacBook-Pro.local>
# name: w
# type: matrix
# rows: 2048
# columns: 1
 -0.4307512132326178
 0.1800955431318954
 0.4725104545433286
 -0.5658594225974679
 -0.2002051721510763
 -0.5040646118832217
 0.2005501360511759
 1.238375598589148
 0.01268315874756212
 0.117523652838243
 0.3024441636361743
 -0.3455672324576246
 -0.03731216337601567
 0.08432175202830063
 -0.107177490527303
 0.3023813792450576
 -0.2804984893069351
 0.2289015406917529
 -0.1702721698807342
 1.059547562807048
 -0.04745344236082538
 0.340464338183406
 0.03558935309181918
 0.1178911795442713
 0.02288981210694574
 0.2237947692705203
 0.03825542805113354
 0.1628944112794887
 -0.4234640029358006
 0.1185331761130432
 -0.222588491203397
 0.1351162253296373
 0.0720765795383721
 -1.62990253227265
 0.1654441827435009
 0.01008329682252498
 -0.0449212229626888
 0.1934916920610008
 -3.663447505268135
 0.3423098890566105
 -0.1328940548229982
 -0.2860316269116824
 -0.08373793178673884
 0.920335915727179
 0.781690625211282
 -0.06476083230590851
 0.1875315467025126
 -0.433309776030863
 -0.07846120285100135
 0.3128078978182899
 0.01267233101119745
 0.5764944689331781
 -0.1906170234610523
 -0.1369433792216725
 -0.4468783348144423
 -0.06978309183346039
 0.04999778902855209
 0.2454534947941092
 -0.0222052572937029
 -0.08290574454284762
 1.129118272064861
 -0.03264789904958342
 0.2230131492655424
 0.6287118211075261
 -0.08012257193379542
 0.007292961358909282
 0.06491575387208046
 -0.003399307033695561
 0.06728652317643881
 0.07453333848008621
 4.494480341856626
 -0.199294776622919
 -0.04207792861693294
 -0.418246278377966
 -0.07542897572567669
 -0.1313543272696575
 0.2858242237221141
 0.3475190546504315
 -0.1650084231330831
 -0.309981102751596
 0.1034013375162826
 0.006154463719488893
 0.2143599294565396
 -0.1716400613501948
 -0.5121296682656179
 0.1968894221493047
 -0.1168467302440169
 0.05206250676427943
 -0.004527920847346478
 0.04204537516727952
 0.05567155439200313
 0.2424301976871184
 -0.03525657019670643
 -0.1344081039882745
 -0.4260158295532654
 -0.248828375804725
 -0.714623379212566
 0.3406426130596703
 -0.06086703211351125
 0.3594280758767098
 -1.028377428285892
 -0.1127815319530752
 0.1085078234925084
 0.2150160449853488
 -1.389799933869585
 -0.1397850370527714
 -0.7577800354691184
 0.3667689158379338
 -1.33022370074052
 -0.2221451111977433
 -0.05584620304772161
 0.02398513451579621
 0.05873854047140577
 -0.057497076895838
 -0.07275014694701454
 0.5072536447546591
 -0.5159470556917766
 0.01471010248746826
 -0.004474659931873899
 -0.04801476518668766
 -0.05810656444636989
 -0.10461052239415
 0.1308456001660464
 -0.1890463086990624
 -0.2554158870730292
 -0.5098194205282699
 -1.139981595341963
 -0.05531817560967365
 0.005729496053567479
 -0.009615540696248421
 -0.3235660920616086
 -0.1425962052143607
 -0.1834169715022573
 0.08257181389360145
 -0.05335415891709284
 0.02081581900015572
 0.3404003294164338
 0.6944045606722554
 -0.1059961806092127
 -0.09611785927914804
 0.1650490808314856
 0.3596585591784073
 -0.05396469975882399
 0.2369600580837687
 -0.03625296062503471
 -0.5403011430926777
 0.01526152241179508
 0.4441226929977188
 -0.1843210667517398
 0.05404182851255955
 0.1078892662784085
 0.6112083984030888
 -0.1141517685166927
 0.3823481057011214
 0.01339529502150453
 0.316942416221737
 -0.1522459202931639
 1.77557102731032
 0.2786331183401264
 -0.063980206308989
 -0.0764877796369029
 -0.166801749364773
 -0.1069597719923265
 -0.134489690083477
 0.04269041339821457
 1.129427845472201
 0.06341147166425555
 -0.04649626604456294
 -0.5358901863587732
 0.04813346041788363
 -1.244834588077904
 -1.107304073170557
 -0.0477658526312962
 -0.5391941171535674
 0.1407401686581469
 -0.1561720326099334
 -0.2988589071111442
 -0.0594835623651001
 0.08670750313823497
 -0.1817981611861766
 2.542993795680178
 -0.3230067595921446
 0.202297452322298
 2.760979113558979
 0.110161634994448
 0.1595184194124846
 0.3845959965324721
 -0.3685179288799278
 0.2131619051022757
 0.1754598223089695
 0.1463637411779167
 0.007235369977027127
 -0.2032000739877988
 0.7607822971605104
 0.0439736579362747
 -0.09937855801022547
 -0.6840126188318308
 -0.1996258896371351
 0.1930636130287603
 -0.21543478716863
 0.3514683545197052
 -0.4661569640274317
 -0.1291252644416555
 -0.5509691586170274
 0.08456719637842812
 0.2446009930734871
 0.6042100551137328
 0.2731127544566919
 0.2476659754283383
 0.1029109597541158
 -0.8465741457124291
 0.2316817830164736
 1.317024949638684
 -0.03443477237289926
 0.116474752008515
 0.3902058813318923
 -0.449543752034949
 -1.198298185025372
 0.1011124874211278
 -0.1463655798192036
 -0.4273469896048506
 -0.1479059331605665
 0.1382840670005242
 0.200072369723946
 0.2130609491858155
 0.4543844446111873
 -0.1055658907632883
 0.02241020312976893
 -0.04841559710583324
 0.04167658534541038
 0.07942339519793122
 0.9157397283007185
 0.1434363232698145
 0.2828725891909945
 -0.2609364079035484
 -0.5741946503499419
 0.06379364629583756
 0.2019629338813679
 0.4068701405705401
 -0.2698882910571089
 0.1215340774042277
 -0.01483907418533497
 -0.02708221091944062
 0.0749801379676588
 0.1888081752709936
 0.2745301770464269
 -0.458966625044476
 -0.1837597267909447
 -0.1475480915501146
 -0.03702685538403688
 -0.3249492001280395
 -0.02025798128613395
 -0.2252441277752233
 0.07424737219074505
 -0.1170946067226961
 -0.6331728023713178
 0.01573604932105574
 -0.0615929473966663
 -0.1237806272700647
 -0.4232779519570502
 -0.006481547157748156
 0.1829175144353791
 -0.383929418315595
 0.2864787724313815
 0.6092786648922677
 -0.8708876014619964
 0.61015367238249
 0.1220530329387367
 0.3184668959220912
 0.08106881696657291
 0.2241089677806713
 0.3350522338902025
 0.2346115968846814
 0.1546845528759578
 0.05150426622382925
 0.279411695315814
 0.0958932274982217
 0.09407245545750381
 -0.5565964901552248
 0.07405675089560047
 0.2696716314199078
 -0.2116809471223638
 -0.2120397787262311
 0.4246397437852779
 -0.293067222633495
 0.282606813312497
 0.3891047238603976
 -0.7278749533530062
 0.2044430167812422
 0.3578868295923104
 1.287391255351215
 0.04386407988488768
 0.3360763157873435
 0.1427399560605105
 0.08812927040454192
 0.8205712029469774
 -0.4633993404961684
 -0.07291670001588466
 0.02777465810301439
 -0.8255020849485553
 0.4410565219251475
 0.1170485590498032
 -0.02276116592676249
 -0.7016679001425624
 0.272044281741172
 -0.7330194169506982
 0.186265477871818
 -0.02895798282114271
 0.4459804551110674
 -0.2558826523153098
 0.1336291680636306
 0.1025148490864419
 0.1433505423513972
 0.07859957382669247
 0.5673186795438578
 0.0467398154052862
 0.1504328174409684
 -0.3283190326179261
 0.2773747723384349
 0.3788964042806488
 -1.328650942554654
 -0.2206835920461415
 0.04219297053369041
 0.3889188567656929
 -0.3925389795803333
 -0.3023490129963802
 -0.2145837465018874
 0.05805109012860233
 0.4762177472197447
 -0.2787071719115034
 0.4038563664056197
 -0.6059258051731442
 0.2161194018014478
 -0.5390071837538331
 0.1470780706264826
 -0.1154456352834634
 -0.179782372412937
 0.5382542048679898
 -0.2711806800315055
 -0.03704134707926182
 -0.3276759759441647
 0.001309101763089353
 0.02463981364259162
 -0.1936730276877663
 -0.2932866076847147
 0.1235615499139885
 0.05186876923008858
 0.07900283201869297
 -0.1231108131569229
 -0.01717516237613029
 0.5086301066004103
 -0.2825233900936187
 0.1697243084077825
 0.01223000992562279
 0.7746823556675435
 0.2033884433856017
 -0.3410061779131294
 -0.219260006748153
 0.1284789714368464
 -0.3094001210476234
 1.310765871453869
 -0.0274427286445053
 -0.159737942489148
 0.1617288155435358
 0.07212335182774511
 -0.01263942482314443
 -0.552495960081691
 0.2568183060034197
 0.5644630732281581
 0.4656188213694571
 -0.3888905863674883
 0.3006602835618311
 -0.6678451513312166
 -0.08795997003138356
 -0.5297664215075019
 1.096580449523472
 -0.007694153063674531
 -0.9381087945171046
 0.4757179705805286
 0.1915818615898426
 -0.2115745031871536
