# Created by Octave 3.8.0, Sat Oct 10 00:20:39 2015 EDT <zhuchongwei@ZhuChongweideMacBook-Pro.local>
# name: w
# type: matrix
# rows: 1024
# columns: 1
 -0.01692615322979257
 -0.007430943656771417
 0.02115410361952751
 -0.08021927022931431
 -0.01133724290931758
 -0.05436782809448906
 0.002377446725364027
 0.1605322611565357
 -0.03771198524173862
 0.006667495210733413
 0.008298548296876117
 -0.06302028940440785
 0.005217766493515845
 -0.007340616928868783
 0.01462631278970467
 -0.02796854284588786
 -0.05232765901182053
 -0.0002905492815081213
 0.06198822915701472
 0.1511504006577431
 0.05958852037365203
 0.002565448845586443
 0.02033122488994179
 0.01784555737476907
 -0.01831292726179024
 -0.1027816838553355
 0.01584502337405566
 0.0235124059033314
 -0.0003134288677497003
 0.01523801566869
 -0.02344513456521118
 0.05003680919316247
 0.02546399266566508
 -0.05260991130306104
 0.2858547533263517
 -0.06650656383266995
 0.02536443243353405
 0.01268330245133228
 -0.1245724227891462
 0.1218882113546977
 0.01474176292699278
 0.007530512834543731
 -0.01346478255598452
 0.0635348463173814
 0.01734730032396598
 -0.00428205345722297
 -0.008584822757728643
 -0.1058937856831104
 -0.02820393745828906
 -0.6099955964476363
 -0.07289391010884032
 -0.01363476792529049
 0.01187063742318462
 0.1048921067013576
 -0.2217690947883638
 0.04185718135581841
 -0.02783106977764702
 -0.006564567533999132
 -0.006571565591060933
 0.05254995945859434
 0.2342353319223117
 -0.03768121778168418
 0.02190064462910269
 -0.214184415888855
 0.007014313779674868
 -0.2000242290462096
 0.02934773975387298
 -0.007004629354142616
 -0.03361491719521113
 0.01389744094814918
 0.7797212373380836
 -0.02935382350661512
 -0.02629247495664845
 -0.01045137425086163
 -0.2469766402547655
 -0.2931152048283667
 -0.1239084702836795
 -0.2427170817084551
 0.0403308204745326
 -0.007431501530509745
 -0.02151964040265622
 -0.0004051325398814366
 0.02439768710442054
 0.01311754083978993
 -0.06434450295078743
 0.06424999683430108
 -0.01838429307977096
 0.00626706330087077
 0.02981854494226783
 0.04115363377264773
 0.01629467574883256
 0.0443508805384799
 -0.000128253942491404
 0.003834629716405725
 -0.09231412454135619
 -0.04053369744912935
 -0.04503861804970023
 0.08747132289000047
 -0.04501121670671602
 0.15614197080262
 -0.4347688890316129
 0.009367253800687337
 0.01569985340757962
 0.03019563668691105
 -0.6711768573237541
 0.01184492908215477
 -0.08463975799259668
 -0.01174442134744465
 -0.263474980168315
 0.0679156052633154
 -0.272250163224956
 0.03483558776154567
 0.1098151846360676
 -0.006068264230139283
 -0.003480374968772654
 -0.02641487478868246
 -0.3877724269606179
 -0.04195029463555894
 0.03334173559171572
 0.02040915180303905
 0.06713863531126615
 0.07015367878337954
 -0.0252970502390632
 -0.07655035100658097
 -0.09389248729101672
 -0.006788632432567845
 -0.01644168934961746
 -0.00584835840077828
 0.01845539367823265
 0.07264857750537276
 -0.03992119240069935
 -0.03444022983721674
 -0.1137476555520681
 0.02340654333307074
 -0.01399285906008526
 0.05050724152736684
 0.02790653494925573
 -0.0833178124627931
 -0.008367883236895053
 -0.02250115811096728
 0.02131818594487072
 0.01243890627516963
 0.02572847111974966
 0.02109903436029509
 0.1287914263039545
 -0.133942945254781
 0.01370371366775171
 0.03295303936042007
 -0.05211514666717593
 -0.2273975796477744
 0.01620411399225197
 0.02076019514023256
 -0.0276303181584949
 -0.5457805586108619
 -0.1588535057991528
 0.06050745905842587
 -0.009050516296529773
 0.1520832174657581
 -0.2584679848944302
 0.01234604096476832
 -0.01449187416899029
 0.01041570953602853
 0.221369805795823
 -0.1002172884374868
 -1.290273006046541
 0.1501490712329315
 0.02469288033171717
 -0.0106143694290416
 -0.02602399671543065
 0.01812574232655832
 -0.3641712615428739
 -0.012572623367857
 0.1385887427725172
 -0.08867227830037293
 0.01693358663109357
 0.02490923363672143
 -0.01712889144430579
 -0.007749466755710551
 0.1463956408493571
 -0.1749737291477513
 -0.00493412916693015
 0.009240189344664409
 0.008370690511449156
 0.348010209490001
 0.0331136358524763
 -0.04740184141717914
 -0.2551603074695732
 -0.02169245840412448
 -0.02848647101373195
 -0.03199173758202749
 0.03162354131560018
 0.002149055732606341
 0.007785261116971654
 -0.001172236518254822
 0.06564899299100337
 0.009104471038144451
 -0.1792152613442325
 -0.0477311526781066
 0.002276240893591713
 -0.04152271527939694
 0.01490659749052899
 -0.7563741007785849
 0.003783477314934504
 -0.4255125783284029
 0.01007795824821714
 -0.02974109159314931
 -0.003706582425983521
 -0.001464775095692673
 -0.02070186075662976
 0.03256376688961809
 -0.2077150914517021
 0.02073220336833372
 0.3580851296654958
 0.01219305328514993
 -0.02563135850177343
 0.009714024026347771
 -1.849074277983479
 -0.1604246096653432
 -0.1170703635699683
 -0.03656609191798259
 -0.09477586749489558
 -0.3390073087278981
 -0.02471341977737964
 -0.1073166992675306
 0.05307062935433283
 0.05821651874211704
 0.3876692016609277
 0.01181336283349649
 -0.008078468680617925
 0.02376269384447585
 -0.02405299127314744
 0.02465142187254976
 0.02499488281505549
 0.04752265864269913
 -0.08365158956027782
 0.08975661376580353
 0.03134212302807702
 0.007355204572336386
 -0.04996428044158392
 0.08539165406110913
 0.005275287926909226
 0.009331120017281529
 -0.0230740600582514
 -0.2826873180932261
 0.1324936779158126
 -0.06446929387986085
 -0.1931471420320369
 -0.03322478426568369
 0.1168452326864486
 0.01112403498321647
 -0.04034857734918638
 0.02786678907868819
 0.03693396140720241
 0.05516352255979134
 0.01306252939044227
 -0.04391632623134291
 -0.05396217555714226
 0.01251463396743966
 0.01974565243924062
 -0.04132762097369364
 -0.04410916363700865
 0.04914498353576728
 -2.100401262943221
 -0.004145449349415907
 -0.05668990868026579
 -0.006735859635075549
 0.1433499109940702
 -0.01742213147631295
 0.04016882836598855
 0.0280642347335369
 -0.03059210045036071
 -0.1702798808631732
 0.02663310746093741
 0.006344202949381076
 -0.01068763637422561
 0.02163586135668753
 0.01225614683105277
 0.0002452825305439803
 0.05767022978224696
 -0.001483628486515608
 -0.01280786439910857
 -0.004502249933918633
 -0.04167916386776018
 0.0009942638351659889
 -0.06182924672604521
 0.008537097870789006
 0.02477715020667806
 -0.117716028592047
 -0.0007719560372018766
 0.09372211650634615
 -0.02800005201381623
 0.0271051743664952
 0.02155640334682354
 -0.05541188790101859
 0.01899784700118514
 0.3806984820017738
 0.134106234843836
 -0.01413958268231103
 -0.009311367998871743
 0.03473212287001344
 0.5628873273026587
 0.01361030680098142
 -0.112355203531922
 0.03792179652477404
 0.03290529952629787
 -0.0220088784566125
 0.09574918580393628
 -0.01762058785833174
 0.0247206562667926
 -0.02436793863995819
 0.1379629131067024
 -0.09630228016230728
 0.06695744664203068
 0.02093527280358648
 0.05401037729805044
 0.02111840698377722
 0.01290274353688256
 -0.0290414847739628
 0.06076342408252612
 -3.71037600820638
 0.0007822819841799412
 0.04566447275777499
 0.0752143803951659
 0.02335709404562694
 -0.3601105889036838
 0.129839083960013
 0.004820443089920597
 -0.1485767895763898
 0.03826220543104648
 -0.001245509234145534
 0.06106760615154088
 -0.03942104021770473
 -0.1636634657512825
 -0.0001178103217417218
 0.01978476488491749
 0.04133340642947934
 -0.4322170593977758
 0.1040485813154082
 -0.005075886780659324
 0.02669841277230697
 -0.03917375628567545
 0.02032796256123815
 0.006538918187715122
 -0.04658877538741227
 0.00108381148989185
 -0.06584234486739694
 -1.076062907716598
 -0.04480116220999568
 -0.04556629834221881
 0.00474124917487985
 0.06082526474249019
 -0.03326061546656033
 -0.05636580728118388
 -0.09316828399979282
 0.07327556748073806
 0.06218136006364201
 0.03098457891881855
 -0.08506333215355691
 0.05612065123678499
 -0.04124362274923785
 0.09171374531185729
 0.02197683186836501
 -0.01257503077748818
 0.02157299319057713
 0.004469743471067012
 0.01248467186571946
 0.004126132499008996
