# Created by Octave 3.8.0, Sun Oct 25 15:51:33 2015 EDT <zhuchongwei@ZhuChongweideMacBook-Pro.local>
# name: w
# type: matrix
# rows: 4608
# columns: 1
 -0.006482106745654111
 -0.001651723132390768
 0.1258952678949705
 0.08646679207167718
 7.692268616743466e-18
 0.1124060003292165
 0.3697302185676489
 0.194019832374364
 -0.05016808106170853
 0.01921500721475247
 -0.0001181697969881267
 -0.309732336039229
 0.2259578824436807
 -0.008453477246036739
 -0.3998446814747244
 0.02281632364513864
 0.2070045661824491
 0.02029921784058073
 1.270572531018677e-17
 1.014746174560601
 -0.06725746866467074
 -0.1325751931980255
 -0.003166901824906211
 -0.05550096332958001
 -0.2265134581715954
 0.2648044039335441
 -0.04573602635303686
 -0.1537287180171379
 0.07268210900278652
 9.947527201386142e-05
 0.002315843007223622
 -0.001361480235791147
 0.0003357414325793054
 0.006857458563185246
 0.001116108104045809
 -0.06802946576003746
 0.6833686028567934
 0.5228475382871867
 -3.096779512437081
 -0.3364765439741382
 0.0006399092280166412
 -0.1863120710403843
 -0.01748260781949347
 1.982372647015117e-05
 0.09420444406797147
 0.03905270267249239
 -0.1076355438708473
 -0.002048148194393729
 -0.1351008491031005
 -0.5472473803957102
 -0.005728911286961308
 -0.002358558299508638
 1.6618848941964e-05
 0.07307496330700314
 -0.2302352905480285
 0.02277303638434314
 0.1421348096650295
 0.5162718918726135
 -0.00125228298722406
 0.003839281836305107
 1.087031586775269e-06
 -0.009313850219304726
 -6.462736379467425e-12
 -0.04633972041981441
 -0.0002405373902719168
 -0.1163131741531911
 -0.06337668957481149
 -0.1612497629508733
 0.05764361544803596
 -0.1014750115018078
 0.08739878904295645
 0.2271026836234202
 0.002937880159607381
 0.1857556354843354
 -0.04234119749398044
 -0.1599528540044263
 0.05542314608854377
 -0.008862195331502305
 -1.339711637621475e-14
 -0.05906379232301907
 -2.127678673650226e-06
 -0.3842050318589611
 5.15672131416637e-05
 0.8402258572690405
 -0.001569557960870941
 -0.1474470648495207
 -0.1843250162952471
 -0.09068785850147067
 0.04994505628490985
 -5.864021243280632e-07
 -3.477929866248476e-06
 0.03119020504638337
 -9.914551706794681e-05
 -0.04794738314147032
 5.754120046401288e-05
 0.1581596300222367
 0.0002821497139773839
 -0.3497909775914719
 0.2897478135013098
 0.0006700068536224274
 0.001203486666896401
 -0.3812035330960753
 4.448453502970424e-06
 -0.07268588498617554
 -4.314158433426748e-13
 -0.08185794644356337
 0.05792205635658388
 0.07845802592079848
 -0.4081096147043887
 0.0005120545728058434
 0.2474406342711682
 0.06125389761176482
 -0.3661557546738444
 0.2885626146767273
 -0.05338307022963569
 0.04927373281124527
 0.02758065535997497
 -0.3890053628266313
 -0.223828787485731
 -0.03629196951330218
 -0.1009687322026758
 -0.7616768382524582
 -0.0197254128351295
 -0.001515392360001653
 -0.001537431346421525
 -0.5071443221440652
 0.1120846261258866
 0.001465761685861116
 -0.001244249646437618
 -0.0001281171273110361
 0.3549807149931219
 0.0001621076809429311
 -0.3926415931984641
 -0.007239601521544355
 -0.1791497403673833
 0.2882691533877919
 0.0006309207099470706
 0.003535934297826391
 0.0003133771536258963
 -0.0001459497276070614
 0.5081565889206925
 -0.04171406962818679
 0.0005217889474241418
 0.07655031709554463
 1.437600572693394
 0.05217490674042235
 0.2720650024635515
 -0.1371222559635526
 -0.0006732441676737286
 -2.51446692049059
 0.02763512867061294
 0.001021011527842543
 0.2066572599371825
 -0.2144424105488311
 -3.027651474770053e-11
 -3.466592392554733e-05
 -0.03145451667739987
 0.7194999006457937
 -6.807444129272254e-05
 -0.07943798474417832
 0.112953709014287
 0.2725190646815848
 -1.39408260982574
 0.216446732678037
 -8.092441331519438e-05
 -4.764990445644306e-07
 0.1652109475061988
 -0.04177564676701472
 1.475984755053557e-09
 0.07595796308911595
 -0.1205375951486242
 -0.0001170977631737719
 1.555719416354329
 -0.1563773977593114
 -0.002819200634359022
 0.1049289733517889
 -0.06302687979637847
 -0.05417206683690411
 0.06058079557668405
 0.001563189424050994
 -4.95187058496608e-07
 0.0281516407560724
 0.0004128959228720604
 -0.001682996609834029
 0.9772121478959355
 0.00315811212755375
 -0.3428719978881239
 0.03895092204378749
 -4.901477295167081e-09
 0.1223576417208284
 -1.290617341125127e-06
 0.1327647151696922
 -2.759836206749708e-09
 0.1232951610765783
 0.01620529563709611
 0.06769429676020733
 0.1833244217121434
 -0.02480227484825098
 0.01418626022790986
 -0.001125991311400022
 0.07935759480164117
 -9.955694492246049e-05
 0.1160615242550197
 0.06263199019708143
 0.05315345360485706
 0.2994064884587176
 -0.03599965966680166
 0.0003295181360867557
 -0.01465482961755436
 -0.0518288097537705
 -0.1945800688265057
 0.02724384354773057
 -0.1983615969768225
 0.142332744777732
 0.1971261555838564
 0.0003546676416542368
 0.1946118753822378
 -1.022733308924781e-17
 -0.229831456488168
 -0.0006562289335288071
 0.1669156923291286
 0.1453932603193209
 0.01672105269295757
 -0.4433215997234607
 -0.2989382225905063
 0.0003648116687173767
 0.1240247651257544
 -0.2219972739152283
 0.09440447038086179
 -0.0237316212395949
 -0.1733923487129443
 -0.1145883856189801
 0.9105222942384297
 0.001489471061819751
 -0.08790051150446651
 -1.191884187322237
 -0.3841533423709301
 0.01918295340589684
 0.01608275929930078
 -0.04874229233207888
 -0.000242766999033481
 -0.0002298667549338956
 0.1678673888609894
 -0.7030021751947392
 0.1126236283562938
 -0.1888738248712114
 0.116710760871769
 -0.1128940818007547
 0.2559746726643051
 -0.01513518381036306
 0.08943100483010583
 -0.0003030423357273414
 -0.07060222141985345
 0.2808995700672038
 -0.0001267614269234328
 8.465612816489273e-09
 -9.915224731798287e-18
 -0.03802418846264094
 -0.01522817176027162
 -0.05456179731992198
 -0.237891101745614
 -3.089889247019035e-18
 -7.477606857096175e-05
 -0.3382217443242259
 0.04095597266889862
 0.1383194794819462
 0.4903803115838845
 0.6165861798854204
 0.03472443299982403
 0.1995118308935288
 -0.1433811501566605
 5.981848870840025e-06
 -6.624832380641523e-18
 0.2887253980273424
 0.2574204221309283
 -3.266484261741138e-06
 -0.1390091590984419
 0.1001178051380057
 0.192071836601607
 -0.3950010259421627
 0.1133753705527774
 -0.0001147711984405405
 -0.2964542524784088
 0.08296815274799645
 -0.1102680699891854
 0.05173056125467415
 -0.1776925160379154
 -0.01092178458544438
 0.002444164208238099
 0.648383788900717
 0.001805108366605213
 -0.1306790960181809
 0.2867900989752858
 -0.007795628115450735
 -0.4759076404315758
 -0.1220478114839371
 0.1234590883235923
 -0.001412722398726013
 0.5514218204118967
 -0.8059669054164214
 -1.669473549478464e-05
 -0.02984722878169722
 0.1554672281587964
 -0.05558598532236336
 -0.2597592256583177
 9.672775571212252e-05
 0.1940739337963139
 0.2389061934665302
 -0.001583010856836374
 -0.05148264719967027
 0.1369522381034382
 -2.679631542398192e-05
 -0.2762730003534565
 -0.003769680186084845
 0.8965521795233681
 -1.301233937759465e-17
 -0.09919074083585869
 -0.06558170751837583
 0.1508888235485479
 0.1241737585205825
 0.126422669267105
 0.04899213687429951
 -0.02538389668842617
 -0.09021351519152275
 0.1222879088370156
 0.2277911937778207
 -1.286170054085264e-05
 -0.05477394629863767
 0.005880182861380878
 0.3638040805479857
 0.1277134794774208
 0.03708100558523249
 -0.02216789192788475
 -0.4829418195507631
 -0.09183236869210101
 -0.001503340773785101
 -0.8920122052968836
 -0.0168913235275097
 0.03109058144190105
 0.001241622351222658
 0.03105601981519147
 -0.0008861410649237239
 0.4123994601173728
 -0.001453709435244808
 0.0219260042017655
 -0.08067903444132843
 0.08656466782126737
 0.08653893501686993
 -0.02082682571297247
 0.0004443611338897493
 -0.001309972294462262
 0.01586672234822865
 0.1461774289181358
 -0.1895109990580669
 -0.05654770425064003
 0.0129421217614904
 0.0003001614135745555
 -0.127658234959563
 0.03877335653630056
 -0.2019174533891376
 0.009057351997387461
 -0.0001892898623729917
 0.001007143995569907
 -0.0001276235022236064
