# Created by Octave 3.8.0, Sat Oct 10 00:28:36 2015 EDT <zhuchongwei@ZhuChongweideMacBook-Pro.local>
# name: w
# type: matrix
# rows: 1024
# columns: 1
 0.02729561675813861
 0.07534810886318168
 0.6528378051496764
 -0.2927508859652208
 -0.002212069257242375
 -0.2804414808660605
 0.128641414284452
 0.9119530693242919
 -0.08653632739761194
 0.1442310598467242
 0.2204801479935149
 -0.282501475298273
 0.1425349986581537
 0.006232631126708324
 0.1649640285185137
 -0.04009621439198986
 -0.1110390556650741
 0.05453306745041921
 0.4937012994293808
 1.100528366440691
 0.4610419701222542
 0.1568366688339188
 0.1973361538157867
 0.1634252676328879
 0.02449214821555119
 -0.2648702807032305
 0.2074303469172144
 0.2094684495162798
 0.09288078394105347
 0.1449047499291182
 -0.07336964768507191
 0.3714031885483225
 0.2012303194712293
 -0.6095141950442367
 2.101334536738645
 -0.1994166417378735
 0.2283747769802429
 0.1597952031752317
 -0.3302568157060455
 0.830502893830342
 0.1619728714974095
 0.1473685269684196
 -0.01196698455719205
 0.5651870326284839
 0.3624319265645888
 0.1185396980865382
 0.05199095810189067
 -0.4519113447512475
 -0.07379306596655449
 -0.0175906404328144
 -0.05956374856275822
 0.1451317746432065
 0.19114263410124
 1.115052863359064
 -0.6803328559731184
 0.378037922340535
 -0.1208943752329558
 0.3962642278924423
 0.06793832324778036
 0.51058148608774
 1.523561082297195
 -0.06216219035386024
 0.2064954847092016
 -0.7383977513148776
 0.1043171360133341
 0.4116408257152895
 0.2592885607091128
 0.008185794342940639
 -0.03916478861662959
 0.1584600853466
 6.055166581258647
 -0.1130076158964119
 -0.1631487395709171
 -0.02489342873005411
 -1.421662920283878
 -0.8920661787222122
 -0.4311633096278555
 0.08308107243120438
 0.3026093064363417
 0.1634306312837896
 -0.001644225324101005
 0.05127961530885203
 0.2149437787033357
 0.1096436259202513
 -0.06095474658148488
 0.5265634878696445
 0.02822627849885501
 0.1191465906618568
 0.3602922236539248
 0.3838719063484322
 0.1372105784482325
 0.3684834148026611
 0.151440047105837
 0.08529877670744608
 -0.2351449543958188
 -0.1442656765370661
 -0.1554376821458841
 0.6621865639752647
 -0.2391628790522948
 0.6397598870870266
 -1.692213494323611
 0.1055527792872083
 0.2441582412284211
 0.3662719909154125
 -2.788263102838423
 0.1422468138980507
 -0.4019210598938333
 0.2783491695575661
 -1.183731796524719
 0.6221239176775009
 -0.1791206585981515
 0.3215030250519322
 1.003471210914478
 0.0663065492372516
 0.04295516579103284
 -0.03605512185881622
 -1.560148776849166
 -0.1388333474457459
 0.2681922011744348
 0.1970787082835013
 0.4728524751716616
 0.4662907613797749
 -0.07739132442976568
 -0.3181368706947906
 -0.4950605880522593
 0.03122362086417857
 0.008227441986116198
 -0.00445932559387434
 0.1110164291175098
 0.4138725480810486
 -0.2082031244148396
 -0.1326671492091493
 -0.4178091439990447
 0.2384812037120457
 -0.03154370624756557
 0.3672583590161696
 0.2851018718992041
 -0.4046529388929164
 0.03847674725761929
 -0.04054408674575279
 0.220919561598911
 0.1298027772037766
 0.2283275460709453
 0.2177169603585274
 0.6224129979340444
 -0.4248297812647508
 0.1394998704171683
 0.3344479402094277
 -0.2066207548904427
 0.257657791310459
 0.1803630528272231
 0.3010909862737082
 -0.1575335901400997
 -2.48728587716534
 -0.680836624078209
 0.3498726461442472
 -0.01046112594787298
 1.120922038189825
 -0.8158702912861884
 0.1569220510836727
 0.2628460777337525
 0.1683304410766189
 1.482912309383796
 -0.2906847715853861
 -0.2875062476969811
 1.197321316203859
 0.3024539373178861
 0.07403828542349378
 0.03855157379339064
 0.1886992140651751
 -1.282398028281838
 0.06618628501120452
 0.9827123599758556
 -0.2389931615783838
 0.1479636138654827
 0.1352022715593178
 0.01674131698847242
 -0.005646888687888797
 1.523238038110207
 -0.77840237497067
 0.04972685690279136
 0.1058699731244827
 0.1693906227532614
 2.327681548684732
 0.2804370300887
 -0.01688711867601678
 -0.1488991439603208
 -0.01914294885508632
 -0.1207850734845396
 -0.1210016139529021
 0.2851963204865304
 0.159896524145482
 0.1402114367018001
 0.1055285040838449
 0.8337162466706312
 0.08953939983228776
 -0.5996337361267801
 -0.1398807395567464
 0.0940727680595793
 -0.1403687818510587
 0.1358442056576534
 -1.049005532002719
 0.2426408506928383
 -1.014007252192143
 0.2739884213978082
 -0.1231168016557288
 0.212152061044217
 0.2005539189530313
 -0.04077767891882202
 0.2785952557321256
 -0.745435025484526
 0.199339798027265
 1.706938903277517
 0.1718882845324707
 0.1072318006822664
 0.3534146214086319
 -2.699324283253589
 -0.333744730406206
 -0.386895243121287
 -0.1052908737285356
 -0.3798643011053772
 -1.07770781365175
 -0.03480818384266739
 -0.2593680260529134
 0.4332058517514989
 0.4509776809818875
 2.210498097549014
 0.1279551696394803
 0.1558029621630072
 0.2768338512023351
 -0.06396826830976422
 0.2155998402103771
 0.2743129187200247
 0.4252855320941422
 -0.1963770802738841
 0.7684768371847602
 0.3411494108706042
 0.1480626164905045
 -0.2237520411137833
 0.6639934886428758
 0.209000800649402
 0.1735830807176512
 0.01432977623102463
 -0.747483908569327
 0.9654665289114057
 -0.1671214264928575
 -0.8409363988234986
 -0.08161769228380361
 0.8540133621610863
 0.1575154379536575
 -0.2321146870721726
 0.2472119647978236
 0.3720180875175089
 0.4816604698907292
 0.1520388729219075
 -0.2051641605433558
 -0.1978229606372775
 0.1235950101087649
 0.2638907911404354
 -0.2255243506166347
 -0.1250937948725082
 0.5041431527305659
 -5.469010539294389
 0.1306355980450234
 -0.2149220804216054
 0.1537070796691173
 0.9881381391905867
 0.02969641379462038
 0.3684995433485829
 0.2262099111232083
 -0.06910625622310701
 0.03019006403591013
 0.237705464204281
 0.1275458932319832
 0.03755658303801842
 0.3017398035161497
 0.1281966683922884
 0.1702892207786122
 0.4105591913146731
 0.1323839232645288
 -0.01738721309895177
 0.0485016942598734
 -0.1330743025150408
 0.1166980240007289
 -0.1680899922968175
 0.11098487490095
 0.2737593198624557
 -0.4030070976823937
 0.06893538990644699
 0.9053067579415941
 -0.1139837766556666
 0.2322193146390027
 0.2063531122360019
 -0.2059230440563762
 0.1821943126541663
 1.024317205929341
 0.8464115713803991
 -0.01577587913746925
 0.007337527951423554
 0.03649117591237008
 3.469727406577716
 0.1786509527270553
 0.9892872230985973
 0.3937979932046682
 0.2869733227219387
 -0.1159943350023539
 0.6738252256554177
 -0.3766852209114679
 0.2763918869995202
 0.04762845132796712
 1.194574559232543
 0.06068460621789754
 0.8236111917119675
 0.1670843690140849
 0.5146568598442431
 0.1636758976177713
 0.1904219175266259
 -0.04741449083411416
 0.4411319132463871
 -6.716478706161586
 0.05014254724954489
 0.2508673014347387
 0.6425451514281905
 0.4656448110732779
 -0.4311061917319948
 1.263045822913843
 0.07858850273498057
 0.3356193247218767
 0.3981370639562398
 0.1434385460685003
 0.5614693516569781
 -0.3352279848597462
 -0.2808596129743382
 0.2707253957866517
 0.2466457591376572
 0.4163410558318225
 -1.725054760355159
 0.7743920695300466
 0.0382651352619481
 0.2084932576739515
 -0.1397539208170223
 0.1992500955117992
 0.06216029551552303
 -0.07245427276774237
 0.09346839435898598
 -0.2165136093926221
 0.9869748665774059
 -0.1115888093908378
 -0.4909713491706126
 0.1139785729965098
 0.2667499668278404
 -0.1918741196638171
 0.02545248373187995
 -0.3471103696442125
 0.5462678627607025
 0.5247528595915185
 0.3173019649962874
 -0.04191183654225736
 0.4020775216204309
 -0.1761325281382966
 1.305405736261006
 0.1859302003266884
 0.05208127921933963
 0.2410626992286147
 0.1691582937515305
 0.1839246487262729
 0.03616884931032087
 0.2260536222537695
 0.003105283963739863
 0.04606472135681758
 -0.3030331750663309
 -0.2192200684330572
 -0.4330047760184275
 -0.4831303343789237
 -0.05054201251799138
 0.1385615369795303
 -0.0004167490148052594
 1.488600358935545
 0.1643661146556329
 -0.01877811702587533
 0.5191701915278558
 0.7972971028794982
 -0.4280520716138022
 0.1086769768413731
