# Created by Octave 3.8.0, Sat Oct 10 01:00:42 2015 EDT <zhuchongwei@ZhuChongweideMacBook-Pro.local>
# name: w
# type: matrix
# rows: 1024
# columns: 1
 0.02118665714289401
 0.06477631889212346
 0.5240459970522342
 -0.2378378892564582
 0.004394499867284873
 -0.2154743622775612
 0.1032183513655456
 0.7804629875843544
 -0.07137046738109441
 0.118254730339223
 0.1767733705299944
 -0.2256278371948927
 0.117941457146626
 0.008586930707350128
 0.1348627525989642
 -0.0295387965693495
 -0.08057712988972192
 0.04756575871487798
 0.4104685206842381
 0.9083087778836021
 0.3910723694170288
 0.1246215890661556
 0.1616807288701855
 0.1381121115213371
 0.02726648717748698
 -0.2334666976159259
 0.1689378998160132
 0.1736032028196729
 0.0786855095305305
 0.1244923567766066
 -0.0532852669077
 0.3081630888072683
 0.1699198374315659
 -0.4446364872635944
 1.714191137401176
 -0.1606874953600182
 0.1857859656798498
 0.1327147926991936
 -0.2573546731853566
 0.6865543307087296
 0.1364312362343162
 0.1231444491667454
 -0.004716520764051582
 0.4572917285225682
 0.2957132503622913
 0.10629988171088
 0.04360722748995609
 -0.3573800107832507
 -0.05692072360499305
 -0.0007320117968342095
 -0.06444196423428411
 0.1167620668006123
 0.1570692259088431
 0.9454108710351288
 -0.5613864764624132
 0.318035093381972
 -0.09185156656258234
 0.3034217593529152
 0.05640989994247141
 0.4283801236688739
 1.272371719400338
 -0.05316165672529499
 0.1724391801896628
 -0.6365931588354997
 0.08680841639467371
 0.3231605075735507
 0.2137763222331481
 0.01126045030437598
 -0.02968366358377159
 0.1325691943382769
 5.016453019259259
 -0.08250116766047796
 -0.1226120553627743
 -0.01310087750616071
 -1.140300739572166
 -0.7668283840606979
 -0.3655968802616612
 0.01858057915949207
 0.2554926596907506
 0.1337805622226488
 0.002115355836383961
 0.04723523547503081
 0.1773869958106492
 0.09448077475795602
 -0.05050034604938037
 0.4301725444641676
 0.02434587491544479
 0.1033916477459641
 0.2954872901762191
 0.3201027718109669
 0.1187246489475302
 0.3090630466313242
 0.121112349684204
 0.07457259327035898
 -0.2063285855549104
 -0.1118693349132337
 -0.1219805145154934
 0.5463535791645708
 -0.1842032150978545
 0.5892406339655429
 -1.427352557393198
 0.09145447541961473
 0.1969644064291183
 0.3036347891169757
 -2.327272640867111
 0.1211066320023847
 -0.3202082657187637
 0.2148997161337463
 -0.9446595901804363
 0.5039800679394922
 -0.1814139245665755
 0.2692403995414323
 0.8011015916059235
 0.05504862559646607
 0.04158071127459152
 -0.02948013405154139
 -1.319720640459821
 -0.1139167774307287
 0.2240652830018917
 0.1653602260340088
 0.3952503691903491
 0.3979441234243685
 -0.05739836711355319
 -0.2541100896093789
 -0.393448446150003
 0.03646044348771175
 0.006507424928535111
 0.01095469348182117
 0.1062528152688154
 0.3584695138961912
 -0.1593539364813408
 -0.09578425270292394
 -0.345671663342262
 0.1997175877134111
 -0.02120540454251785
 0.3048014704873149
 0.2281105958089921
 -0.3254923685710837
 0.03309705139994742
 -0.03068031079821603
 0.1836869868638868
 0.1107501911546091
 0.1902548456339435
 0.178529175904292
 0.5590957527023921
 -0.3635072304950757
 0.1227627162049776
 0.2724727772879713
 -0.1667251831307432
 0.1573817134452829
 0.1484465049520806
 0.2557341917302592
 -0.1141609014360503
 -2.043828278596819
 -0.553145784842284
 0.307898203343165
 -0.004000345410043542
 0.930073263746349
 -0.6967348550739089
 0.1315998720785197
 0.2196840807917587
 0.1431484182129168
 1.255650970013946
 -0.2372705453818646
 -0.457625327008286
 0.9830968585799246
 0.2498427740590332
 0.06228285044892302
 0.03406045483138342
 0.1585450928778225
 -1.09361529328814
 0.05571409741107727
 0.819411490205659
 -0.2052527404536175
 0.124997600110001
 0.1246408436373121
 0.01707590639602759
 0.003437992244441523
 1.246104013779715
 -0.6197384447170698
 0.04391670380390562
 0.09231022460789418
 0.1456067678461046
 1.943434586719254
 0.231576282681567
 -0.01060024807713451
 -0.1852866079915955
 -0.01437451398935719
 -0.09393998668370038
 -0.09336621202831551
 0.2315477993419436
 0.1300545001238747
 0.1176108334871123
 0.08557456049690934
 0.6743473361536653
 0.08219202976861074
 -0.511914172473634
 -0.1154626394682886
 0.07618322508133174
 -0.1132647592815255
 0.1186442522173719
 -0.9583685754173894
 0.2027755423276068
 -0.8984954077475269
 0.2265694002327081
 -0.09608205036258863
 0.1722927454895196
 0.1724311985498785
 -0.03347729573118732
 0.2342507459650665
 -0.6297109323639299
 0.1650337005242936
 1.504111912466953
 0.1416737461419194
 0.08528934367504824
 0.2821099377696552
 -2.47839030570747
 -0.2783804662868517
 -0.319838699670385
 -0.08484360936850496
 -0.3104468014739358
 -0.9155444167915935
 -0.02990371101837763
 -0.2176000981116214
 0.3620585734768448
 0.3909235931240094
 1.891937791043182
 0.1062017094548763
 0.1285267575790818
 0.2321871546072998
 -0.02644594212587188
 0.1777849299528264
 0.221568386066584
 0.3452886827917891
 -0.1505271548124698
 0.6406445296892221
 0.2773175840547345
 0.1255069963992362
 -0.1779018217393691
 0.545176773291857
 0.1756348808814852
 0.1427220434755392
 0.01253440302144503
 -0.6378729167944428
 0.7960357571323747
 -0.1387426159605479
 -0.6828281197521523
 -0.0630732263026953
 0.7065789554032311
 0.1334308581284489
 -0.1707989893628312
 0.2065310799888109
 0.3057448038788971
 0.3997482287707028
 0.129951074355915
 -0.1630998079441563
 -0.1551820882532307
 0.1057018620150157
 0.2198628284989361
 -0.1722114090025154
 -0.1034256756452571
 0.4132373935869163
 -4.927455126219796
 0.111660562292747
 -0.1699565105414909
 0.1276101524535932
 0.8264461274193758
 0.02427045708874175
 0.2989016038268631
 0.1891954243018334
 -0.05050435280562887
 -0.03017754885230459
 0.1985503502799956
 0.1071152081895684
 0.03501215505356596
 0.2455395267233867
 0.1085404540747677
 0.1373794911155336
 0.3513435632322324
 0.1063600268810504
 -0.01126986452793097
 0.04700352551600997
 -0.1055851199290911
 0.09274408632533572
 -0.1390002607799269
 0.0916953025605753
 0.221908953115555
 -0.3476138066032812
 0.0548592219567996
 0.726779006905023
 -0.0836836719467354
 0.1940404529868284
 0.1706174335226476
 -0.1643814156067999
 0.1587357825422958
 1.064128997327694
 0.7123433280429949
 -0.0124568802746046
 0.006349290134731275
 0.06803948803935282
 2.92170950032768
 0.1520341288212847
 0.9181619339341042
 0.3253882249554745
 0.2345789234611079
 -0.06604453328795487
 0.5673482013396913
 -0.2593445283744497
 0.228410199004622
 0.0377924696155434
 0.9731827465567864
 0.02736274685217881
 0.6778177745852257
 0.1424335929284772
 0.4207720870759175
 0.1404610977482073
 0.1585640061767385
 -0.04008069393810333
 0.367688065350856
 -6.487619615453112
 0.04889454768369179
 0.2241332449948918
 0.5304918794008882
 0.3751838143041126
 -0.4012208735255917
 1.041687941599599
 0.06781528968991171
 0.2793816524539225
 0.3201193423010046
 0.1148635158671327
 0.4605673675725042
 -0.2506981392629495
 -0.2431608078664728
 0.2316456785115631
 0.2012138461594513
 0.3368472195275606
 -1.439379764156569
 0.6392700821620725
 0.03093133208251288
 0.1776275862995128
 -0.1050472745543804
 0.161892177061831
 0.0582629669368825
 -0.05986507719194047
 0.07742345583485236
 -0.1649516794188113
 0.6682674248706282
 -0.09381267038186679
 -0.3581870220378524
 0.09692181778513832
 0.2569264368621609
 -0.1442287029222205
 0.02227099267784427
 -0.2840850524441837
 0.4523366928953069
 0.4242860709074295
 0.2602829535109917
 -0.05328020211142877
 0.3378940350974226
 -0.1333959784732501
 1.095522730479917
 0.1590605660178981
 0.05180928416710835
 0.198543465858906
 0.1357493703492632
 0.1531720743840731
 0.04698740398237061
 0.1990036580662695
 0.006097700751782118
 0.04534022944335811
 -0.2364607231062896
 -0.174049485794442
 -0.3523907625337205
 -0.3946167374497492
 -0.03483590967302826
 0.1252466533761587
 -0.007980028273124636
 1.300909663520797
 0.1336926668619088
 -0.006196415477473881
 0.3793464490644723
 0.6658781141383879
 -0.3448930916624958
