# Created by Octave 3.8.0, Fri Oct 23 00:08:01 2015 EDT <zhuchongwei@ZhuChongweideMacBook-Pro.local>
# name: w
# type: matrix
# rows: 1024
# columns: 1
 0.0230327835368824
 0.06808274794911154
 0.5610117373825048
 -0.253407353245524
 0.002780859222857529
 -0.2334920799533942
 0.1104910373162223
 0.8197650291901472
 -0.07566722223748042
 0.1258181801784501
 0.1893412020915738
 -0.241568691179536
 0.1251624333551511
 0.008044402200741225
 0.143559734764399
 -0.03231276158740912
 -0.08868525548949392
 0.04976338561981086
 0.434875989526648
 0.9641909188492929
 0.4119827687405191
 0.1338019204029509
 0.1719964413809817
 0.1456475862002067
 0.02686193740918658
 -0.2430502978255349
 0.1800791641400644
 0.1840395951716246
 0.08299796315999873
 0.1306492322995715
 -0.0587321849656197
 0.3266177135831183
 0.1792259597508472
 -0.4901784803672188
 1.825792027660433
 -0.1715420622278863
 0.1980330220906652
 0.1406352951602138
 -0.2776137432512611
 0.7283449418367745
 0.143970568925364
 0.1303310670394385
 -0.00654992471361712
 0.4882887145436288
 0.3151414348517
 0.1104600437564344
 0.0461266584538216
 -0.384127262338881
 -0.06162794424598596
 -0.002735760243947183
 -0.06343294756139564
 0.1250373433308128
 0.1670098524494944
 0.9964155888729462
 -0.5950589891698072
 0.3358019692059406
 -0.09986651359203939
 0.3296435588418765
 0.05986315277252811
 0.4527081865268608
 1.346091771993356
 -0.05570989771244264
 0.1824275075082275
 -0.6669300089164226
 0.09196556212586601
 0.3498415444962305
 0.2270121717676594
 0.01063741041865568
 -0.0321889696203701
 0.1401722310385438
 5.320358185146399
 -0.09079669949799413
 -0.1338330365368266
 -0.01613231349109757
 -1.220600101208892
 -0.8039476962387189
 -0.3849779606367063
 0.03664356303582016
 0.2693775314301067
 0.1423464345979981
 0.001295059932330472
 0.04872601227443688
 0.1883310134863318
 0.09906718980613007
 -0.05338536926453562
 0.4580475525419709
 0.02566173383095771
 0.1082960008936979
 0.3143286038776198
 0.3389072457973295
 0.1243999906401742
 0.3265274728656027
 0.1298227695276979
 0.07791222658318853
 -0.2150508689661027
 -0.120823849906185
 -0.1312317229840076
 0.580016347813777
 -0.1995255166078346
 0.6060100851917527
 -1.504737092960324
 0.09579142875653499
 0.2105518228538515
 0.3220571278112622
 -2.460931795401162
 0.1274859095959626
 -0.3432070737998038
 0.2329015313706767
 -1.011805269766479
 0.5379164066316799
 -0.1806949105392027
 0.2846727895371058
 0.8588142495532877
 0.05837755506761266
 0.04236556010766687
 -0.03127744056151059
 -1.390501143349135
 -0.1209976210027684
 0.2370734610050413
 0.1747740986252704
 0.4180642612873247
 0.4182819935228858
 -0.06280090765424701
 -0.2721229629778478
 -0.4221274200918882
 0.03552443313184859
 0.007081705788243092
 0.007196241858963983
 0.1082774151630867
 0.3752184137150975
 -0.1728758668681784
 -0.1057700966071984
 -0.3663504427101296
 0.2111897277340091
 -0.02394597952741456
 0.3229539460575394
 0.2443552326550504
 -0.3480365967508836
 0.03478879274284282
 -0.03330714791439163
 0.1945561639382977
 0.1164843314972129
 0.2014327672745013
 0.1899015065357364
 0.5794177414872884
 -0.3814963130927211
 0.1280704308765928
 0.2903099052093494
 -0.1779976064906026
 0.1850120335801385
 0.1577091609619521
 0.2693791030334052
 -0.1260450037518117
 -2.171770883787606
 -0.589567848036911
 0.3209417414157651
 -0.005649609997396155
 0.9858803240033204
 -0.7316435652716863
 0.1391216230135042
 0.2326667898607118
 0.1507396504102803
 1.323465935140847
 -0.2522161221577159
 -0.411035243307001
 1.04518340739703
 0.2652489833721523
 0.06584374730952874
 0.03560613088613169
 0.1674491205570996
 -1.14905953643617
 0.05890235271786343
 0.8673528445327319
 -0.2152720859510363
 0.1318149938690376
 0.1281747669984126
 0.01726097847329268
 0.001230220979755694
 1.326675328956454
 -0.664255158274823
 0.04580579584056584
 0.09652310823091396
 0.1528668528497661
 2.056372906673371
 0.2457705800410508
 -0.01210050099266105
 -0.1757710308825879
 -0.01562707180776591
 -0.1014119157361818
 -0.1010018995902788
 0.2469358219064356
 0.1388080478260151
 0.1242941876576927
 0.09132825764443789
 0.720230702480133
 0.08472988620812386
 -0.5379088531462706
 -0.1223992140659109
 0.08132645158044091
 -0.1208877383044068
 0.1239588141457068
 -0.9852077109150434
 0.2145298773084904
 -0.9335926621636256
 0.2405382392662518
 -0.1036366642621238
 0.1839330036194206
 0.1809952183177484
 -0.03556172163767134
 0.247347427913933
 -0.663462608920086
 0.1750722643255458
 1.565974759114709
 0.1504807863611329
 0.09172049997853625
 0.3026268067166417
 -2.545585768808658
 -0.2937646025611723
 -0.3391169704415211
 -0.09055173236245219
 -0.3302984353109446
 -0.9629614482724721
 -0.03130077159923609
 -0.22960769889431
 0.3829785112115937
 0.4092627948666498
 1.986970352397778
 0.1125725228494384
 0.136569151673208
 0.2454391874229827
 -0.03614433676936023
 0.1887665804420894
 0.2366972395338113
 0.3682654759209833
 -0.1630418857558805
 0.6781283544605111
 0.2957691592269956
 0.1323305434818857
 -0.1908214778385065
 0.5795736664296181
 0.1856426858696595
 0.1517212862080977
 0.0132102841608002
 -0.6697102823879971
 0.8452266065070602
 -0.1468407757033418
 -0.7280570067931181
 -0.06817456237647684
 0.7494501694039487
 0.1406754555955263
 -0.187597792647289
 0.2185003080095122
 0.3249965553586916
 0.4237277874804151
 0.1366015008639615
 -0.1750025185421217
 -0.1670643630383034
 0.1111215922700812
 0.232853568569463
 -0.1869955758553857
 -0.1096137801975956
 0.4396581267484651
 -5.095354860365282
 0.1175716708539235
 -0.1825220089277009
 0.1354170100682413
 0.8738047482094516
 0.02597952819215015
 0.3189181582090118
 0.2000963177619285
 -0.05543727154387779
 -0.01419036605876123
 0.210035437593276
 0.1131775760529959
 0.03603697038358884
 0.2617908371515937
 0.1143888754112774
 0.1469011557693924
 0.3692131649276559
 0.1138813302659312
 -0.01285502140082776
 0.0477916883272624
 -0.1132557070608595
 0.09956426395258038
 -0.1472046925419113
 0.09733871567768784
 0.2367722197665467
 -0.3642291324853833
 0.0588590180096224
 0.777899099065004
 -0.09188692198297406
 0.2052462247669357
 0.1810341436226496
 -0.1759854524352998
 0.1659553002066997
 1.059447385997209
 0.751795608607999
 -0.01334559671899606
 0.006678726441824936
 0.06024387938882947
 3.083940718187907
 0.1600487563078245
 0.9439525272091687
 0.3453638130734178
 0.2497385609395576
 -0.07932992864883438
 0.5988121149070023
 -0.2915405268640884
 0.242418524780046
 0.04069377611949025
 1.037221467461295
 0.03639441820882598
 0.7202146143913895
 0.1497652652909256
 0.4480391709712952
 0.1474932591733918
 0.1679392952166744
 -0.04216976124813768
 0.3891327483985914
 -6.57054451999974
 0.04966330202932102
 0.2326480373908987
 0.5630744626245808
 0.4013136486097931
 -0.4102368360813
 1.106480402242921
 0.07110559776000643
 0.2970521884672815
 0.3424182569257145
 0.1231132042368577
 0.4898361481110582
 -0.2742806133320561
 -0.2538410789337948
 0.2435480666470632
 0.2143702648057179
 0.359665707357912
 -1.522281299703867
 0.6785938560979217
 0.03305085385709852
 0.1868606796780692
 -0.11453161496223
 0.1726410838308671
 0.0597283493113496
 -0.06333985308037011
 0.08211282232868694
 -0.1790274375964848
 0.7611935821077944
 -0.09887373831866463
 -0.3949548149379791
 0.1020910275157199
 0.2611711301034802
 -0.1574098503004663
 0.02353083107119825
 -0.3020358685448111
 0.4797005096616681
 0.4530368589452415
 0.2768229004173772
 -0.05045557995596735
 0.356816391677294
 -0.145142208260643
 1.157604321124786
 0.1671327768075279
 0.05246447809428696
 0.2109439719080853
 0.1453675048584998
 0.1622464897926213
 0.04473983299309407
 0.2075471474761678
 0.005505007252391976
 0.04586446422422027
 -0.2551001069837799
 -0.1867432107193428
 -0.3753802929233134
 -0.4199913530084957
 -0.03901977588175328
 0.1297857521221783
 -0.005766245002619562
 1.358581072334167
 0.1426217798246213
 -0.009359737580244462
 0.4189851474195254
 0.7044767648356858
 -0.3684705034594092
 0.09843537052645124
