# Created by Octave 3.8.0, Fri Oct 23 00:39:26 2015 EDT <zhuchongwei@ZhuChongweideMacBook-Pro.local>
# name: w
# type: matrix
# rows: 2048
# columns: 1
 -0.4306963234365153
 0.1799912021692224
 0.4723139002590651
 -0.5657648155346425
 -0.2001664004907608
 -0.5039863308086362
 0.2005475279750881
 1.238347892405957
 0.01277016383632649
 0.1174718702129679
 0.3023349530207748
 -0.3454661562136272
 -0.03729501212897836
 0.08428268214936141
 -0.1070852916537854
 0.3023056540153026
 -0.2804559054851076
 0.2287664243306619
 -0.1700940185737899
 1.059649168481993
 -0.04746137211577523
 0.3403529798605043
 0.03557569006863132
 0.1178899289639879
 0.02308665089176842
 0.2237929585986854
 0.03829947496663805
 0.1628830336884094
 -0.4233842159961788
 0.1184917490218718
 -0.2225763259165046
 0.1350742803317921
 0.07200108048201906
 -1.629872638498695
 0.1654011826400428
 0.0101165152000877
 -0.04486375427126658
 0.1933153761755864
 -3.663449980323175
 0.3423046505343097
 -0.1328525827757058
 -0.2859030176304473
 -0.08372986405559779
 0.9200857303337595
 0.7815048844826209
 -0.06465124835903038
 0.1873811326402912
 -0.433356612338154
 -0.07834821468064807
 0.3129616013175007
 0.01262977330464635
 0.5763787833121846
 -0.1905351703081419
 -0.1368785272383117
 -0.446815252411818
 -0.06982856806418573
 0.05006269541906893
 0.2454082654974049
 -0.02222563750645359
 -0.08291184615494378
 1.129114599264467
 -0.03254416173477526
 0.2229354336334295
 0.628670879139581
 -0.08022996545448904
 0.007267337864660635
 0.06484318738121306
 -0.003410776088325994
 0.06737472084875128
 0.07454187651537839
 4.494460381838933
 -0.1992317221819151
 -0.04204423714458479
 -0.4181010698378914
 -0.07544869299431681
 -0.1312335638035383
 0.2857535999401929
 0.3474284312593937
 -0.1650179558951269
 -0.3098402356764071
 0.1034283554551242
 0.006271580911389253
 0.2143320759365479
 -0.1715739011546848
 -0.5121373500128787
 0.1969782613435798
 -0.116827383886763
 0.05203577653314746
 -0.004472996203116836
 0.04204631865769663
 0.05562999580919787
 0.2423667021287541
 -0.03528008208265289
 -0.1343554238597575
 -0.4260205055178649
 -0.2487559065364282
 -0.7143834955883135
 0.340658854403437
 -0.06082920916114268
 0.3594685578898816
 -1.02839593206225
 -0.1127570990830193
 0.1085487122945178
 0.2151357348070533
 -1.389506339477652
 -0.1396812893891057
 -0.7576263198348274
 0.3666480161307516
 -1.330006794963205
 -0.2221224288910877
 -0.05578041548693698
 0.02404789654892939
 0.05881773268329336
 -0.05744302846554713
 -0.07259679006739796
 0.507129364158411
 -0.5159050483827679
 0.01463707898305881
 -0.004434008361449746
 -0.0479255305149872
 -0.05802194838767177
 -0.1045446953048237
 0.1308296754390003
 -0.1889578427975592
 -0.2554660947737601
 -0.5097176240627282
 -1.140045869202653
 -0.05529309383606374
 0.005780046083579181
 -0.009614130303920792
 -0.3234437522175881
 -0.1426135500264758
 -0.183361665380549
 0.08247157068734742
 -0.05339803533486933
 0.02086110476946686
 0.3402778225353609
 0.6943733288490821
 -0.1059849318405162
 -0.09613568131006454
 0.16502728295041
 0.3595717303360452
 -0.05395210749296744
 0.2369619539689078
 -0.03615216242417507
 -0.5403247432019661
 0.01523700913446519
 0.4440646144097993
 -0.1842317414259531
 0.05406444927756857
 0.1078172434338939
 0.611239491373181
 -0.1140651367860133
 0.3822951803541228
 0.01329245641497277
 0.3169155306215917
 -0.1522081289990865
 1.775615248790836
 0.2786841630720358
 -0.06400204330038572
 -0.07643880068936833
 -0.1666994179980278
 -0.1068955161613156
 -0.134380380150169
 0.04247437408618224
 1.129364353963
 0.06343656532701536
 -0.04647367264506203
 -0.5358657051945137
 0.04809306093211476
 -1.24496694889417
 -1.107271564966984
 -0.04781104096345739
 -0.5392454415141144
 0.140783548719682
 -0.1561597335635736
 -0.2988621212562566
 -0.05953246914055021
 0.08670396416984581
 -0.1816869870830347
 2.54314315677148
 -0.3229176290160457
 0.2023441398261291
 2.760913908631774
 0.1101654789851297
 0.1592845348603613
 0.3845980604985214
 -0.3685779876380001
 0.2130070819055651
 0.1753980776108282
 0.1463341617568225
 0.007247854242542087
 -0.2031810754507245
 0.7608107958987996
 0.04391360310413781
 -0.09935152446789841
 -0.6840969319468408
 -0.1996500880935689
 0.1930092332678754
 -0.2153969556336116
 0.3513792213378856
 -0.4660687178204901
 -0.1291703430107451
 -0.5509791907850276
 0.08453170562614283
 0.244580729742997
 0.6042304625049293
 0.272922608110248
 0.2476569077908753
 0.1028071781273406
 -0.8465620824005711
 0.2317197684780238
 1.317042539698043
 -0.0344568566144306
 0.1165568933098001
 0.3901733260438759
 -0.44960041111578
 -1.198268730067525
 0.1011613108776419
 -0.1463266311252193
 -0.4272939195720903
 -0.1479116505631112
 0.1382133266011501
 0.1999760175939686
 0.2129620423560323
 0.4545054605044933
 -0.1054755783944934
 0.02236994193841543
 -0.04829701558712738
 0.04164684403642219
 0.07934546000325242
 0.9155405599920842
 0.1433381633522727
 0.2828171956229058
 -0.2608392812823128
 -0.5742057045776372
 0.06377400823064533
 0.2020208166204707
 0.406823064569785
 -0.2699024812195975
 0.1214818158256007
 -0.01489161558984842
 -0.02713554758160961
 0.07500531487734355
 0.1888094440791054
 0.274468908553876
 -0.4588718891281591
 -0.183745598790441
 -0.1474345176663348
 -0.0370235055414967
 -0.3249278217342315
 -0.02030421363176912
 -0.2252177969144427
 0.07424726828365259
 -0.1169810078738316
 -0.6331357129112347
 0.01576578711465692
 -0.06150462604414628
 -0.1236483616062409
 -0.4231287778242199
 -0.006455578191369237
 0.1829374663886411
 -0.3838898480634141
 0.286381910883263
 0.6091260369487196
 -0.8709728656354021
 0.6101081985655589
 0.1219532862000415
 0.3183315420787312
 0.08107393056494736
 0.2240174368317545
 0.3349185234265014
 0.2346243226343956
 0.1546752853389699
 0.05144234100043144
 0.2793313623298456
 0.09595233505089606
 0.09399712186825829
 -0.5567357285365758
 0.07401299747978815
 0.2696714542216064
 -0.211656306576754
 -0.2119305966402205
 0.4244748412263014
 -0.2928821049060112
 0.2825285374938697
 0.3889234121241631
 -0.7278470434117363
 0.2043939291724401
 0.3577291914936968
 1.28732024916302
 0.04383579676666757
 0.3360396436062008
 0.1426820409093293
 0.08811616609568999
 0.8206307751993157
 -0.4634010028633185
 -0.07291191000409798
 0.02773529122671931
 -0.8255280671201055
 0.4412526165380536
 0.1170506918603166
 -0.0228292326281864
 -0.701638650362066
 0.2719640694994052
 -0.7329531808035186
 0.1862366407799573
 -0.0290175685864594
 0.4460074886490824
 -0.2559615889577966
 0.1336973313140378
 0.1025265841632994
 0.1433184640756631
 0.07845287712449063
 0.5673113782454265
 0.04671040339224605
 0.15036921948099
 -0.3282442294441709
 0.2772865547868265
 0.3787810416730321
 -1.328664186772722
 -0.2206219222532334
 0.04216857153150406
 0.3889107179620157
 -0.3925073355378761
 -0.3021931830409475
 -0.2144002125401882
 0.05802249799965033
 0.4761006524715896
 -0.2786639367575861
 0.4037938343268161
 -0.6059508624116399
 0.2160493037791518
 -0.539028003162233
 0.1470676527693016
 -0.1154559816547105
 -0.1798834486115201
 0.5382126955368559
 -0.2711383562531402
 -0.03692168558912486
 -0.3275971421407321
 0.001381501458830906
 0.0245714883147665
 -0.1936409688695614
 -0.293160590510655
 0.1235005170115244
 0.05191037288401604
 0.07896603181256168
 -0.1230776850063639
 -0.01697132977476304
 0.5086027914082196
 -0.2824414911745429
 0.1697238509739123
 0.01237469250131947
 0.7746864358268676
 0.2032873298557974
 -0.3409279155006219
 -0.2193894269708209
 0.1284904862918772
 -0.3092373923613519
 1.310665247236194
 -0.02744383259757964
 -0.1596835239434213
 0.161695286042645
 0.07204324976489315
 -0.01262196379483406
 -0.5523433898766806
 0.2566954823241296
 0.5644220821519085
 0.4655815744590026
 -0.3888666060242149
 0.3004499608633465
 -0.667797650939577
 -0.08804163031132996
 -0.5296914762528402
 1.096622513617322
 -0.007700842875932126
 -0.9382528780315434
 0.475764788405124
 0.1915142276577673
