# Created by Octave 3.8.0, Fri Oct 09 22:31:50 2015 EDT <zhuchongwei@ZhuChongweideMacBook-Pro.local>
# name: w
# type: matrix
# rows: 1024
# columns: 1
 0.02732398456980613
 0.07601338222670752
 0.6386880774840373
 -0.2860304658948206
 -0.0001207474331779705
 -0.2698032217991105
 0.1255194574791047
 0.9076691144929452
 -0.08483721016714658
 0.1420915212791043
 0.2160161282493988
 -0.2736958703318738
 0.1408511713567849
 0.006878700552313299
 0.1619665874709371
 -0.03749376225342196
 -0.1041065333702198
 0.05506168012844961
 0.4885224737602363
 1.085134474223946
 0.4592063986913191
 0.1527623241680383
 0.1939782548365246
 0.1625020319899717
 0.02687290844988269
 -0.26574914850304
 0.2039386058963479
 0.2063093361355572
 0.09295588217212156
 0.1444017780519884
 -0.06951058018435453
 0.3666907962056588
 0.200025717818359
 -0.5829625503169953
 2.064653073522547
 -0.1938701411250945
 0.2238979056300307
 0.1575424325174169
 -0.3196945112908196
 0.8181794202811419
 0.1603146716814131
 0.1463129061678343
 -0.009933312918551105
 0.5541420680683316
 0.3572502327715183
 0.121722382777456
 0.05159353768480458
 -0.4413790914363255
 -0.07181414367037527
 -0.004643760410241152
 -0.06284748827638696
 0.1429077575007143
 0.1885579319047331
 1.113274647843878
 -0.6644457744988598
 0.3751190206310728
 -0.1159789275712664
 0.3841392306195348
 0.06757582307972881
 0.5066155763462138
 1.508454693814745
 -0.06110359812892062
 0.2040835049423841
 -0.7353428221530374
 0.1032739692551007
 0.4119844912599673
 0.2555382284511284
 0.0102014958194728
 -0.03713287556979685
 0.1565078732983994
 5.989207737988013
 -0.1071460429024505
 -0.1565808692904123
 -0.02146049834964266
 -1.392151652810846
 -0.8879066346298261
 -0.4291245052131504
 0.0752123983600665
 0.2993369146023424
 0.1598121704444431
 0.0001724338495703072
 0.05316083627742692
 0.2120239146734773
 0.1093730716009331
 -0.06000052130386303
 0.5180845607846926
 0.02914095066436237
 0.1200588328305691
 0.3549779615837586
 0.3806536426099333
 0.1377516111615026
 0.36436055148017
 0.1480658275331025
 0.08569265603360335
 -0.2354378262094294
 -0.1388108907051402
 -0.1496308444235649
 0.6527044532692615
 -0.2309602340301523
 0.6455247810064042
 -1.673714471486575
 0.1058991892691549
 0.2394745801630001
 0.3627918519330722
 -2.749599270797607
 0.1421289515794796
 -0.3904957116454543
 0.2703758542129023
 -1.148794647830149
 0.6097248929950865
 -0.1775525336145196
 0.3187954386070851
 0.9804408638717961
 0.06551284894055837
 0.04550996503386538
 -0.0349645724842569
 -1.548173473021401
 -0.1358312756731217
 0.2659383421239866
 0.1958908588483149
 0.4683935886259453
 0.4629397660487914
 -0.07315665111915899
 -0.3092686469813952
 -0.4816501373224346
 0.03531204797632584
 0.008439197329175693
 0.001216259155188819
 0.1143646728666668
 0.4128725858654585
 -0.199997147286666
 -0.1252570249285088
 -0.4102258810068644
 0.2367240849660494
 -0.02920760553360941
 0.3616921548901921
 0.2782460771099108
 -0.3959019952189874
 0.03875161004141824
 -0.03819141492685108
 0.2177190172549686
 0.1294626300407389
 0.2259058215668767
 0.214327820903453
 0.6290643720435085
 -0.4209079457962522
 0.1411584019768551
 0.3279102171398959
 -0.2013778196324374
 0.2389402273404516
 0.177450164195626
 0.3002132554345957
 -0.1500141600766269
 -2.449850716812773
 -0.6669805999353723
 0.3516096739409387
 -0.008768307202412496
 1.108230455093275
 -0.8081818856651033
 0.1559647188844826
 0.2620675836413682
 0.1679970527201746
 1.477448791836583
 -0.2822093171232007
 -0.3155993017894781
 1.178831885580961
 0.298923644622463
 0.07373941035819277
 0.03931269689813716
 0.1869012555961729
 -1.270736843063106
 0.06608630042376298
 0.973179403985768
 -0.2383220692446092
 0.1468835061829714
 0.1364423153453728
 0.01863415145970921
 -0.002182608980933642
 1.502135413453713
 -0.7549529278815584
 0.0504578933448698
 0.1064919375731372
 0.1695659199589211
 2.306471658617249
 0.276160617057662
 -0.01486476494757875
 -0.1552299334742226
 -0.01820220482999769
 -0.1166383044117953
 -0.1163254979431405
 0.2791536591955993
 0.1583084615168835
 0.1388828856470125
 0.103211382945065
 0.8179712830343553
 0.09136663975992045
 -0.5969542681334895
 -0.136959986436969
 0.09199645997170576
 -0.1365645610479687
 0.1363010053598291
 -1.042524213121474
 0.2396992009861776
 -1.015211240238911
 0.2713343780955449
 -0.1191981032144057
 0.2092160018684845
 0.1999239436174474
 -0.04028071581541133
 0.2760419607307332
 -0.7371043279304172
 0.1970029173476939
 1.702045459191818
 0.1693767419795521
 0.1056157025418926
 0.3465385461482013
 -2.69661238892167
 -0.3237504749298448
 -0.3810343488468289
 -0.1021171171183709
 -0.3726717725227258
 -1.067166659775034
 -0.03441593623453935
 -0.2557454328849957
 0.4289092188594921
 0.4513681578989347
 2.197681031913928
 0.1264258249376037
 0.1540717177353466
 0.2750231368970978
 -0.05441600962646753
 0.2123094999146871
 0.2685464492169111
 0.4167559689198896
 -0.1881995552080111
 0.7596773027546083
 0.3354596873320908
 0.1481389507013093
 -0.2176938271119427
 0.6533564371131054
 0.2084407996397517
 0.1711114879460894
 0.01498771675046381
 -0.7384490636482172
 0.9514220789120755
 -0.1642241654033068
 -0.8252065779303398
 -0.07862717331227738
 0.8418514454058156
 0.1572694294084565
 -0.2209008854595566
 0.2448049204096754
 0.3663826860387665
 0.4761392889977923
 0.1515326132296619
 -0.2001982810098929
 -0.1913942784121331
 0.1236191113632825
 0.2615137281419493
 -0.2168944051144404
 -0.1228947921833202
 0.4968509618768178
 -5.479127183543097
 0.1321049357465306
 -0.2083186157025559
 0.1531280965930433
 0.976450880673381
 0.03019968151780265
 0.3614327921922044
 0.2241310899718691
 -0.06445575613460942
 0.01594568402677431
 0.2349385305336833
 0.1264656156201006
 0.03910220437811736
 0.2964674486929298
 0.1272716658456547
 0.1672352172791439
 0.4102020922935069
 0.1298840978386282
 -0.01582585950745131
 0.05031088425154889
 -0.1290209487546358
 0.1134981033502996
 -0.1640035658051479
 0.1095978655702004
 0.2677812784232926
 -0.4024837257206702
 0.06690870046587519
 0.8863729411162348
 -0.1075716575478607
 0.2295812212709797
 0.2035158452823595
 -0.1993494713432274
 0.1825941130882656
 1.055482370886641
 0.8380809610494353
 -0.01515579835917384
 0.007327335218375226
 0.04581911820243114
 3.447724342497564
 0.1782043747420247
 1.006697537190681
 0.3886985224019485
 0.2822994747457682
 -0.1058454958501405
 0.6685441313754229
 -0.3577451269810737
 0.27277425216049
 0.04669609524997145
 1.175663439344472
 0.05308688441875009
 0.8109858414403875
 0.1657252986547249
 0.5073708616663597
 0.1636979446093658
 0.1884342890352406
 -0.04681290286348928
 0.4353539044734977
 -6.744615128995906
 0.05259083971543659
 0.2532541674837844
 0.6331548532369042
 0.4575768812503218
 -0.429876158548315
 1.249395789132117
 0.07862071342841577
 0.3396358495744202
 0.3891247145705415
 0.1407102546257633
 0.5529309813184046
 -0.3236898763011137
 -0.2754158090911417
 0.2704334307687238
 0.242595893299985
 0.4078097415372827
 -1.702691241317059
 0.7639755488965504
 0.03735803144904824
 0.2075063849466549
 -0.1331438570967183
 0.1953864007645997
 0.06380964716141663
 -0.07046723736314979
 0.0920013001813537
 -0.2065738780540924
 0.9653892071235585
 -0.109434806433
 -0.4709057104570157
 0.1139733929178398
 0.2730409650764071
 -0.1841322232324739
 0.02692169318090595
 -0.3398468692488496
 0.5389891217383966
 0.5133476913086987
 0.3122442033528365
 -0.04621657728840348
 0.3984140003528118
 -0.1684423110806729
 1.293837428693585
 0.1852627928054418
 0.05583096859121121
 0.2378782599537975
 0.1657677156034769
 0.1823128804754898
 0.04309514216003531
 0.2279557884578107
 0.005186213842147974
 0.04772269047886016
 -0.2936230097869123
 -0.2132188082679161
 -0.4241587961923955
 -0.4745768618210615
 -0.0472213472961934
 0.141992636777686
 -0.0006960699732535937
 1.49069255834889
 0.1619738638816455
 -0.01487118760543016
 0.5009188728814925
 0.7891293922122393
 -0.4177242642832698
 0.1092968811967027
