# Created by Octave 3.8.0, Sat Oct 10 00:36:51 2015 EDT <zhuchongwei@ZhuChongweideMacBook-Pro.local>
# name: w
# type: matrix
# rows: 1024
# columns: 1
 0.04202976053313909
 0.09311686363420488
 1.118359886452624
 -0.5004825468614076
 -0.04196526587723599
 -0.554016608346401
 0.2239001688123883
 1.275751559544815
 -0.14222774840773
 0.2301141482395927
 0.3765243106590759
 -0.5169748052452888
 0.2201755199826935
 -0.007244147453856041
 0.2707852276841173
 -0.09390672778975451
 -0.2594308279152014
 0.06540688471574856
 0.7528759592111988
 1.734401572832555
 0.6514915525931061
 0.2788322462204751
 0.3208082009304629
 0.2349399691823178
 -0.01025162064520472
 -0.3354015475290401
 0.3393908838766257
 0.330913072052294
 0.1265865220651404
 0.1994790139233967
 -0.1656870049326887
 0.5759275717122978
 0.2900968980757975
 -1.303488979935765
 3.441512032178263
 -0.3541737858758972
 0.3809164761401026
 0.2503117548603853
 -0.6293369620957099
 1.313534016539638
 0.2410403711727944
 0.2178785766846784
 -0.0526394529386381
 0.949422334959295
 0.5832948065222177
 0.1130219813036406
 0.07600776412659487
 -0.7994733440384838
 -0.1373466034596227
 -0.2240924970752958
 -0.01148915929421767
 0.2388269070144062
 0.301394942731621
 1.548104597379247
 -1.137225134789287
 0.5534939895406953
 -0.2463850716095516
 0.7547883606746316
 0.1002552304492016
 0.7536858044144615
 2.297429632267185
 -0.09550562218010049
 0.3143610833011089
 -1.021158701299254
 0.1581151498444586
 0.6280767166660671
 0.4107648460199478
 -0.02228848633547792
 -0.08367711959564611
 0.2417937997182084
 9.300306563624643
 -0.2515089294293854
 -0.3345025526614084
 -0.09204992137894422
 -2.43256676301739
 -1.242231039519141
 -0.617126251990832
 0.3300386219721286
 0.4518523854946674
 0.2722508165071046
 -0.03050538232563998
 0.04035135108184712
 0.3383451382113752
 0.1489645902856182
 -0.09952028907429535
 0.8535306002531247
 0.02782416252460937
 0.147546536828162
 0.5755707757896654
 0.5749718795083177
 0.1759417495758286
 0.5577754981707067
 0.2626850998359886
 0.1062413611552506
 -0.305867258440765
 -0.2832975199174552
 -0.2998786303034423
 1.04685690977662
 -0.4642097448994654
 0.6925133527462779
 -2.538687467847845
 0.135812126828135
 0.4096902042004422
 0.5565787915494883
 -4.32979970913343
 0.1937828776209589
 -0.7260148704361644
 0.5206633974755952
 -2.141484349469251
 1.044863522636039
 -0.1868603124560325
 0.4785349055164776
 1.747617549359294
 0.1011774269466635
 0.01749760152961306
 -0.06411717903554714
 -2.282851399295427
 -0.2322758737711458
 0.4005135526894231
 0.2870867295610444
 0.7100333891740979
 0.6676279160668793
 -0.1728735121658828
 -0.570825093573031
 -0.8889539243848127
 -0.02520674860441852
 0.01032185925817675
 -0.1031622679322919
 0.08553372926756582
 0.5582319246618175
 -0.4164444300749484
 -0.3033261713828604
 -0.6744241005590077
 0.3513167050589802
 -0.08287018434398696
 0.5792285013085871
 0.4987674399238912
 -0.6957397087983713
 0.0481942782086582
 -0.09057873355447585
 0.3458218815606389
 0.1795484059522628
 0.3469500486220009
 0.3498389951336438
 0.7008099548460477
 -0.6163166630472333
 0.1619216193001009
 0.5556079591882517
 -0.360872471624516
 0.6870664520243893
 0.2894094768637441
 0.4212350344241275
 -0.3459079346769279
 -3.978047491243219
 -1.140085153687078
 0.4316034552894882
 -0.04473506216862411
 1.722827117900535
 -1.188594792036286
 0.2285362611899885
 0.3769501209322673
 0.2328357712829568
 2.10061921792063
 -0.5115295621354427
 0.4419690377673445
 1.920433565583469
 0.4692686232103062
 0.1059182648356857
 0.04161736275320875
 0.2811672299421142
 -1.866133337218203
 0.09288808379655822
 1.485002503418952
 -0.3330288515485932
 0.2154120445369699
 0.1444874823716282
 -0.004631555104583612
 -0.06648400993468466
 2.42990612389626
 -1.418448563766189
 0.05554603639882248
 0.1313426295507931
 0.2240153877586025
 3.49974933476323
 0.4460241048420361
 -0.05482846227978934
 0.01917800107833257
 -0.04074318710650045
 -0.2311743342209868
 -0.2399014382375748
 0.4817521782148426
 0.2501774722935286
 0.2094603436080534
 0.1791606895675567
 1.389371666399321
 0.08682099315760747
 -0.8466353026713234
 -0.2307898888611844
 0.1599096523650558
 -0.2482497127617304
 0.1719796209872701
 -1.328969955573592
 0.3701968345311378
 -1.285583352259532
 0.4193529305216627
 -0.2327373411787509
 0.3420682706699688
 0.2753477264699595
 -0.06427809007603576
 0.4143251933376656
 -1.1164371683269
 0.3083890805562309
 2.236098280673375
 0.2727970241048099
 0.1788754506978216
 0.6027997115615744
 -3.253339271713786
 -0.5755717920560955
 -0.6153638417107105
 -0.1905374034515674
 -0.6281561614531409
 -1.587010356221077
 -0.05101937322990707
 -0.4048707863885551
 0.6539270678903426
 0.5910044068131474
 3.118727480694764
 0.1970610268234972
 0.2395845020844779
 0.4051737813983541
 -0.2600452120583825
 0.3429420797114865
 0.4654496094686938
 0.7123053204308353
 -0.3979168426614334
 1.174441972598621
 0.5579767665587788
 0.2021447120701873
 -0.4019326995623327
 1.068135224685778
 0.2955169889456664
 0.2752447485940459
 0.01112010990263307
 -1.113745688012006
 1.529462713725157
 -0.2684725105024813
 -1.400220831596709
 -0.1603345730087181
 1.344084627817469
 0.2177973885796316
 -0.5036214315819848
 0.3721725789839588
 0.5950639031817608
 0.7404945924287724
 0.2104796397686793
 -0.3619849730484921
 -0.3724229283093962
 0.1665018641616194
 0.3973109492578745
 -0.4490189992618042
 -0.2018402142033937
 0.806472654410396
 -6.649630403839749
 0.1611982424595338
 -0.3957923990572172
 0.2234694639749194
 1.507018098863015
 0.03780081434699668
 0.6143607125022971
 0.3390419974517706
 -0.1648737725293999
 0.3350371736194778
 0.3632838289458926
 0.1886689521966285
 0.02669107308657213
 0.4970440002941291
 0.1857911341143906
 0.2830749348206078
 0.5583953838164085
 0.2229435277813725
 -0.04968431599684753
 0.03117525327486606
 -0.2449336792504794
 0.2099859309382334
 -0.2831595856080401
 0.1730025527612969
 0.4640877020252842
 -0.5469665714305046
 0.1253278820318917
 1.547236228784169
 -0.2575155892098624
 0.3537474797617224
 0.3239507909769921
 -0.3780950529115547
 0.2336959407093424
 0.5528510607128585
 1.261176733972079
 -0.03100274292853621
 0.009454498733984011
 -0.145309516127013
 5.051370580482742
 0.2478619580241433
 0.955155212640191
 0.6155755023793273
 0.4658396079247487
 -0.3507180994363256
 0.9902732975489653
 -0.8722686570463754
 0.4319849608054201
 0.08233286066637853
 1.940408668919038
 0.2218457008339834
 1.315680932123935
 0.2414732124754022
 0.8227059500828647
 0.2196416519226661
 0.2893166848705811
 -0.07251973786714332
 0.6821226010336545
 -6.722516804855545
 0.02562241996078036
 0.2891420286145499
 1.017823187753106
 0.7748203422114319
 -0.5166458578108596
 1.954935562203034
 0.1038779507189495
 0.4330074367836486
 0.6857679879674854
 0.2427840769259195
 0.8992783251565211
 -0.6681100156689009
 -0.430768868310697
 0.3678911844290165
 0.4012460711613771
 0.7030784874910742
 -2.664211534374974
 1.216428898003726
 0.06559591924511728
 0.2946198394184865
 -0.298253490030659
 0.3320237564059245
 0.05333997338164099
 -0.1254683194302213
 0.1476313903091794
 -0.4487097418039466
 2.00313302277141
 -0.1781022184382258
 -1.036028248231706
 0.155777681699355
 0.2159447872953176
 -0.394175200838933
 0.01478020340175375
 -0.5796002928235501
 0.8538009624198882
 0.893587537489435
 0.5107950140724241
 0.03456079999349253
 0.598374095529029
 -0.3631744108276586
 1.936009528594818
 0.2573585002722548
 0.01213377581335819
 0.3789441117334145
 0.2882472791888879
 0.2753500889501352
 -0.06709760722476142
 0.2710590764780151
 -0.02657394441290355
 0.02902929603117809
 -0.5689333112245341
 -0.3938796583411502
 -0.7270569468962321
 -0.7895219501558292
 -0.1255459714887215
 0.1339268844990512
 0.02053993357312617
 1.922519888494418
 0.2657717530750591
 -0.0920898731146359
 1.058187481519263
 1.205391279141982
 -0.7415841557539455
 0.1389864599729216
 0.1793586165386077
 0.1412048360436419
 0.4405335659433445
