# Created by Octave 3.8.0, Fri Oct 09 23:21:05 2015 EDT <zhuchongwei@ZhuChongweideMacBook-Pro.local>
# name: w
# type: matrix
# rows: 1024
# columns: 1
 0.02728821064650082
 0.07531534964273895
 0.6530916245064408
 -0.2928616813987263
 -0.002242257507888244
 -0.2806290814620402
 0.128706737677488
 0.9119533125002081
 -0.08655361931941249
 0.1442615394936275
 0.2205650404525296
 -0.2826902204835149
 0.1425588853909223
 0.00623752801152398
 0.1650232910933581
 -0.04013855143843977
 -0.1111471899583398
 0.05451270454148032
 0.493749876089491
 1.100719602246627
 0.4610226436357439
 0.1569163641531867
 0.1973978391434183
 0.1634257339350707
 0.02444075085074755
 -0.264833475220813
 0.2074896204368109
 0.2095310049465482
 0.0928661866555041
 0.1449105436050956
 -0.07344392425729625
 0.3714612030785912
 0.2012286255524882
 -0.6099335793080237
 2.101846216469816
 -0.1995083314298025
 0.2284586895405381
 0.1598499845647799
 -0.3304461133775397
 0.8306858020110078
 0.1619984957666555
 0.147376522642577
 -0.01200087687234746
 0.5653762987836473
 0.3625245280097991
 0.11843122361544
 0.05200040440696661
 -0.4520132381785257
 -0.07379899926037968
 -0.01774021702905293
 -0.05946790215130371
 0.1451727547691079
 0.1911722698640825
 1.114905515641315
 -0.6805821885272952
 0.3780442918011098
 -0.1209913685578088
 0.3964689198567735
 0.06794598021517675
 0.5106148049642181
 1.523660142969862
 -0.06217263616115352
 0.2065251906408644
 -0.7383817489645897
 0.1043299439885621
 0.4115416596054937
 0.2593465415049002
 0.008127854666536998
 -0.03917856137146917
 0.1584967782351498
 6.055579658638109
 -0.1131117246503623
 -0.1632672208863946
 -0.02497293558428038
 -1.422031868232743
 -0.8919832186954332
 -0.431134339039173
 0.08316585214200518
 0.3026773197668337
 0.1635143914868999
 -0.00166934728612976
 0.0512180876165315
 0.2149887550609699
 0.1096435774584795
 -0.06094750479922582
 0.5266748622018058
 0.02820135512705162
 0.1191060997030156
 0.3603694823153494
 0.3838936880526624
 0.1371735057430777
 0.3685627643611799
 0.1515174315969393
 0.08528093222002633
 -0.2351304403444762
 -0.1443697470304974
 -0.1555496025191116
 0.6623183347165438
 -0.2393093530779322
 0.639706868352886
 -1.692420378027075
 0.1055331974384331
 0.2442302245631322
 0.3662927045556659
 -2.788748060330205
 0.1422155684823414
 -0.4021339587608842
 0.2785008076463472
 -1.184354132467832
 0.6223408471375285
 -0.1791972217779188
 0.32153033814534
 1.003840441614876
 0.06631836756799171
 0.04287245203081965
 -0.03606766022908753
 -1.56021436196405
 -0.1388828615913284
 0.2682058271888456
 0.1970728589967051
 0.4728842975341758
 0.4663479008000931
 -0.0774827560905509
 -0.318290670251251
 -0.4952866187168262
 0.03114410788839282
 0.008230646637017855
 -0.00456541805969168
 0.1109469026102363
 0.413875029412249
 -0.2083541698477855
 -0.1327997779231224
 -0.417908673317076
 0.2384817481844974
 -0.03158707919869157
 0.3673625253692858
 0.2852330945788926
 -0.4047933456270975
 0.03846831287470651
 -0.0405966009198511
 0.220988258674955
 0.1297951796098193
 0.2283535145794833
 0.2177708176017267
 0.6221996868790755
 -0.4248673815344883
 0.1394349469680119
 0.3345664828636952
 -0.2067103472833234
 0.2578808688710238
 0.180416458098743
 0.3010875312219273
 -0.1576516016725348
 -2.487592481604758
 -0.6809854755635645
 0.3497981718310177
 -0.01048050765372813
 1.121027212624973
 -0.8159343487636956
 0.156916788341233
 0.2628431220457053
 0.1683162561962819
 1.482816894203592
 -0.290851892790974
 -0.2870771194646327
 1.197592216793071
 0.3024996083216965
 0.07405232124185333
 0.03855867824467726
 0.188726772805286
 -1.282493332754474
 0.06619131101408299
 0.982781069929331
 -0.2389896071542431
 0.1479762451687111
 0.1351846710940996
 0.01669403570115731
 -0.005729595385417483
 1.523475362475605
 -0.7788369989936794
 0.04970603924428894
 0.1058380506521984
 0.169360687412352
 2.327831076398902
 0.2805158926526416
 -0.01690338144230777
 -0.1488566472916522
 -0.01914177433205634
 -0.1208529116920639
 -0.1210918926574986
 0.2853210530844635
 0.1598967824461291
 0.1402352645750237
 0.1055895021121448
 0.8339267651271135
 0.08949173139746559
 -0.5996008246508723
 -0.1399217203572075
 0.09411952896985799
 -0.1404405651494101
 0.1358217416554104
 -1.049086411874755
 0.2427082607538287
 -1.013872050187683
 0.274025165627123
 -0.1231883185324096
 0.2122039221116306
 0.2005907797090473
 -0.04076825630715056
 0.2786373728436754
 -0.7455065074203463
 0.1993684912451805
 1.70712066816676
 0.171937100268342
 0.107270079284484
 0.3535181291896436
 -2.699266139223386
 -0.3339726385587318
 -0.3869412415100726
 -0.1053594175240805
 -0.3799602514796138
 -1.077779192083107
 -0.03480277066384748
 -0.2594305563535629
 0.4332624346283616
 0.4509246236326441
 2.21063128352274
 0.1279733972450638
 0.155821894563582
 0.276838708204649
 -0.06410308129259402
 0.2156520458103392
 0.2744189866858466
 0.4254348633288906
 -0.1964995996965578
 0.768606478981388
 0.3412215920494909
 0.1480320582462391
 -0.2238504163345829
 0.6641495549979304
 0.2089703178640609
 0.1736224774136008
 0.01431943845761866
 -0.7476198403721809
 0.9656490914814236
 -0.1671535631099029
 -0.8411168718105586
 -0.08166324482171892
 0.854190793906774
 0.1574837285335212
 -0.2323175078918265
 0.2472360548110351
 0.3721142963611443
 0.4817185612066821
 0.1520356496504162
 -0.2052227972083495
 -0.1979319325362132
 0.1235723950896268
 0.2639190464154874
 -0.2256706406604674
 -0.1251143415553087
 0.5042566015555308
 -5.468795060945043
 0.1305627849453241
 -0.2150219504292214
 0.1536935047811947
 0.9883196414002686
 0.0296785523015318
 0.3686111977459918
 0.2262304075268156
 -0.06920619048768531
 0.03047897032167163
 0.2377562730196526
 0.1275642478279861
 0.03752034600619425
 0.3018421651370831
 0.1282111172520086
 0.1703359074674606
 0.4105064553375219
 0.1324295682188907
 -0.01741346709118799
 0.04846330530920192
 -0.1331436581724857
 0.1167763350772374
 -0.1681672057140616
 0.1110057186576396
 0.2738752610675569
 -0.4029731529082393
 0.06898975965951702
 0.9056008401970808
 -0.1141167031552328
 0.2322640289297426
 0.2063966582778532
 -0.2060518614099451
 0.1821688584687982
 1.024176219911844
 0.8465123301018922
 -0.01578417847762432
 0.007344540339971423
 0.03637431083536299
 3.469693963679362
 0.1786403558692524
 0.9891999304820052
 0.3938708779384197
 0.2870466269169686
 -0.1161196892239236
 0.6738591120090697
 -0.3769212487007108
 0.2764407178936901
 0.04767217549988598
 1.194802209642085
 0.06085369502986553
 0.8238470638148193
 0.1671173342766169
 0.5147321874379251
 0.1636492162159662
 0.1904488936561628
 -0.04741449110717753
 0.4412291341582166
 -6.716232496063196
 0.05007782756114999
 0.2507930183958949
 0.6427044798055856
 0.4657592601069888
 -0.4311528149345223
 1.26316150635844
 0.0785796770192418
 0.3355218777623414
 0.3983001978791113
 0.1434849994505309
 0.5615829537846848
 -0.3353579841050084
 -0.2809801519728673
 0.2707261695017145
 0.2467080667735783
 0.4164981760342868
 -1.7252662170002
 0.7745172676665585
 0.03829016323541297
 0.2085038510460883
 -0.1399004324973902
 0.1993178094261639
 0.06212384469084591
 -0.07248577048681933
 0.09350067617160246
 -0.2166874798072803
 0.9871790912781281
 -0.1116248559127627
 -0.4912406749626488
 0.1139662852131999
 0.2666328420966282
 -0.1920186043191979
 0.02541493264542524
 -0.3472202416921055
 0.5463657558940006
 0.5249660503155922
 0.3173865968797467
 -0.0417787827374675
 0.4021250635284121
 -0.1762688010761331
 1.305529530211779
 0.1859219221064361
 0.05199068745514335
 0.241102259910283
 0.1692261670498037
 0.1839280580566255
 0.03598039248660659
 0.2260019267196935
 0.003057654444992861
 0.0460334551233389
 -0.3031872771911399
 -0.2192953621278989
 -0.4331363541965381
 -0.4831903026938752
 -0.05059154088132736
 0.1384600115894431
 -0.0004321381016756369
 1.488558235687105
 0.1644056448238954
 -0.01884659059941042
 0.5195251564292238
 0.7973841275730763
 -0.4282046845521547
 0.1086648483965092
 0.13363871886422
