# Created by Octave 3.8.0, Sat Oct 10 00:13:10 2015 EDT <zhuchongwei@ZhuChongweideMacBook-Pro.local>
# name: w
# type: matrix
# rows: 1024
# columns: 1
 0.02587783803120738
 -0.09112988465616186
 3.22951442011408
 -1.452294652027193
 -0.2757630999166265
 -1.930742143244783
 0.7618136634678631
 1.763686217324452
 -0.2863855895139082
 0.5225707403112354
 1.183183477392717
 -1.973088776379175
 0.472310226900805
 0.02348278079649542
 0.7909398889975412
 -0.4103032000141952
 -1.039905349080988
 -0.0697203489574659
 1.393820659270167
 3.641955643101811
 0.8065622126285692
 0.9139890236743339
 0.8997766829399346
 0.3790418186227115
 -0.3993632618354367
 -0.2763573766943143
 0.8914356204007062
 0.904999860250582
 0.07945346520347905
 0.3294849191295021
 -0.7781298632683625
 1.158545452748572
 0.3865270461474704
 -4.616361934662081
 8.224603965077744
 -1.071964220400694
 1.132944641062902
 0.7202062143756296
 -2.113420859767797
 2.99420436705208
 0.4954430705119502
 0.3810967287267967
 -0.2959652769091954
 2.641229019299041
 1.480061756722159
 -0.6134345293587172
 0.1805003094483602
 -1.755539143744357
 -0.2527566571729108
 -1.286518144145202
 0.6128905010106702
 0.6916858120857081
 0.5926651073446839
 1.401077542980743
 -3.043526003936766
 0.744526050804289
 -1.011490122157824
 2.38670702404244
 0.2297985663773627
 1.293743651971665
 3.905618325803379
 -0.1936950661271475
 0.6140064661788555
 -1.337500464135621
 0.2886694629951556
 0.4310363716176596
 0.9473422358775586
 -0.4353834215284989
 -0.163176691936653
 0.5304914827702536
 16.3220336949567
 -0.9969322078723866
 -1.24804519002175
 -0.6903211603198278
 -5.843757919084037
 -1.21623361496099
 -0.7242034286164467
 1.220856060916177
 1.068643898249878
 0.9009058097697006
 -0.2201458680416839
 -0.3510355747333114
 0.7890126332989634
 0.1924675470072006
 -0.09605160567581512
 1.942625262588596
 -0.08883253743579665
 -0.03095673062791796
 1.339646757883222
 1.016397892393812
 -0.001887337335989135
 1.357825959894658
 0.9292513904136904
 0.02871201412277303
 -0.4100244465500384
 -1.093667801341585
 -1.150872774902598
 2.331186604393563
 -1.684310975687452
 0.4432096378377276
 -4.962589128089503
 0.04894053355402234
 1.060677741702658
 0.9437965015930658
 -9.170531904758137
 0.009936188481300829
 -2.468405843942362
 1.752691735321397
 -6.911785184328487
 2.910032016442384
 -0.5809207822139036
 0.9043060313536663
 4.872416002498541
 0.198897806950311
 -0.5777649425081072
 -0.1617929373194831
 -3.770873857689725
 -0.6249119399658953
 0.6841366621545343
 0.3650812944774491
 1.195916043902966
 1.340408696276005
 -0.8604020880310911
 -1.812359219698167
 -2.726610489510953
 -0.4677280284195138
 0.064472180788049
 -0.7193761580658432
 -0.2967768279737923
 0.8007574717367779
 -1.550269694779008
 -1.251365555161919
 -1.549019537186284
 0.4817029966276735
 -0.4214619514203949
 1.494877962790075
 1.599403386788623
 -2.004356660367027
 0.03200934497942037
 -0.506673969784727
 0.9378709015852242
 0.2153526211861227
 0.669040954238368
 0.8322980145110774
 -0.4738993266605706
 -1.13137525975667
 -0.2166483568734152
 1.580542542858429
 -1.065020439089372
 2.241416893485324
 0.7857884358703935
 0.5882907099788414
 -1.270069888066446
 -7.871840080558894
 -2.494742462668624
 0.08683353311877087
 -0.1783518432101727
 3.162071982348261
 -2.105813547241084
 0.2826891567585566
 0.4804231814516055
 0.211772202013026
 2.616747463347656
 -1.755181790223218
 3.681123464660084
 4.597133518308023
 0.9954502782957491
 0.2314953158127032
 0.1433739628456564
 0.5880644268005211
 -3.224420511454805
 0.2192216397084985
 2.697005333664274
 -0.5326075922813756
 0.4050979820489104
 0.006719114581225322
 -0.2961831778731768
 -0.6511910871824943
 5.033120277607368
 -4.708619005825795
 -0.05229552817874557
 -0.05426103137317804
 0.09927827853384073
 6.235803656559634
 1.185081276347527
 -0.1362852979729003
 0.5606429588038052
 -0.01843287886490468
 -0.7401420894806127
 -0.9339447280605171
 1.496080123455319
 0.3467428277165111
 0.4891859907232976
 0.6537790614601907
 3.28013318734637
 -0.1970326018633501
 -1.063927621906801
 -0.5731963311898545
 0.5600308890559219
 -0.8445836484958555
 0.07211383400097103
 -2.268856367433878
 0.9795157048303192
 -1.053412026481409
 0.8841977400093317
 -0.8009305300744683
 0.8445174017622529
 0.622142511572736
 0.008955826519795811
 0.8950630162286924
 -2.005110393983899
 0.6405723771606652
 3.722795133831462
 0.7159665961601768
 0.5524476527531952
 1.593895830937858
 -3.92519136666008
 -2.264659490291464
 -1.18944887159678
 -0.7638328819064598
 -1.527188199236493
 -2.669341962115182
 -0.01835131692846433
 -1.033425102607012
 1.384393892521173
 0.4702444883035391
 5.173454574728424
 0.3913567237759505
 0.4457996070764909
 0.6108791912874846
 -1.20715339224979
 0.8170349569057858
 1.378362753302838
 1.996232398771697
 -1.391507972891353
 2.460015195172492
 1.239595079150478
 0.124606188584448
 -1.227865743362204
 2.540797965156758
 0.2323086635300822
 0.671654280217945
 -0.06146169328115781
 -2.503619096112301
 3.346310121991655
 -0.5955396208703562
 -3.242143865543908
 -0.537982985505153
 3.102860672042576
 0.07000099875038826
 -1.93934071858815
 0.7018825121065047
 1.520189420837743
 1.447225905228709
 0.2758915693007769
 -0.8847879066711756
 -1.284504716658053
 0.07008080965407509
 0.7946174573650625
 -1.546367206989257
 -0.3904883229758048
 1.966222399784416
 -7.193998367774347
 -0.2024304217744468
 -1.187594742852168
 0.2350655483635642
 3.301791061021858
 -0.01186710060507768
 1.571960804322288
 0.6307928005923379
 -0.8532908429327811
 2.352341855772043
 0.8780526792777348
 0.3913882177532904
 -0.2034576390785795
 1.441917437245732
 0.3611842018562974
 0.7152869912443834
 0.4604486380382168
 0.6413951426991898
 -0.2474983930476654
 -0.2306123206934154
 -0.8399760394949782
 0.8416168285626698
 -0.9175645729718579
 0.3866384073079226
 1.441903045804374
 -0.5752317481971275
 0.5781427132931863
 4.162295548434202
 -1.206142565509713
 0.8243888580407895
 0.7665729512271061
 -1.326474880553173
 0.1357598424122803
 -1.262186695549622
 2.397953614839988
 -0.09845828769402917
 0.04883358813752293
 -0.9760857295323224
 7.414753882948736
 0.2682759319154811
 0.1755840988478177
 1.337224030831947
 1.162123796892277
 -1.345201386288177
 1.757743875737994
 -2.799552512531666
 0.9466079170658199
 0.4848684862033961
 4.216982936945096
 1.301786187342558
 3.431891393234621
 0.5648424931875816
 1.646875970110553
 0.1413624295553305
 0.6171970146721095
 -0.1357233896840609
 1.625859703779364
 -4.739995900274677
 -0.4296045117714257
 -0.05888166344591594
 2.539277258597019
 1.899913786803319
 -0.9180135553588171
 3.747298720114865
 0.07629648496181973
 0.237985703913926
 2.075867530117131
 0.6765474421092024
 2.024876809794754
 -1.761167191815654
 -1.334007992726216
 0.4740134530301452
 1.007445518952812
 2.084897904556511
 -5.071191758323812
 2.528053650148293
 0.2626525924214018
 0.5305508343278651
 -1.438673880490834
 0.8979454912258247
 -0.1439753040916488
 -0.413536347368342
 0.4063496177765156
 -1.692935016688624
 4.467738678497712
 -0.4916033667636661
 -3.266131576489385
 0.1712094724973388
 -0.6329165833482373
 -1.559900546467709
 -0.26918123994378
 -1.526772664332419
 1.873501778351217
 2.706507795151793
 1.267990961535127
 0.9763798373098622
 1.196622271421512
 -1.309523116265223
 3.662738339571555
 0.2555762601298474
 -0.5987022279576788
 0.7945254384152939
 0.924263402239676
 0.386028669438347
 -1.392666130978025
 0.0479709990589082
 -0.3370677980851146
 -0.1579834303250871
 -1.831147875474735
 -0.9321814833732958
 -1.923317350544396
 -1.391046571139532
 -0.5244634880971959
 -0.4389662983507503
 -0.1338327316270516
 2.335399578502759
 0.6810660647607522
 -0.5592709118195691
 3.800591005730746
 2.288807957465921
 -1.999795565432467
 0.1995693912327581
 0.2262018723206856
 0.134514879168924
 1.327689329421302
 -0.6517380161747662
 1.374819113973272
 1.141982113663996
 0.8174275440350115
 -0.4638382126672246
