# Created by Octave 3.8.0, Sun Oct 25 15:35:47 2015 EDT <zhuchongwei@ZhuChongweideMacBook-Pro.local>
# name: w
# type: matrix
# rows: 4608
# columns: 1
 -0.03970935145163649
 -0.0227229315068387
 0.1155955811152868
 0.1042467934560165
 0.02584648275262261
 0.1312919706942536
 0.2198686994756722
 0.192596986892379
 -0.03092229127697614
 0.01570011034066939
 -0.01347370954302578
 -0.2630150768060274
 0.2115778324660262
 -0.0199479746381066
 -0.3171584881163614
 -0.04570352346161054
 0.2470703595148168
 0.03515620293279819
 0.01380457836834711
 1.110835806369845
 -0.1001574592953576
 -0.1169771222516773
 -0.00266275810771249
 -0.07200792401983454
 -0.1740715132977224
 0.2461065594190084
 -0.1122042980201129
 -0.1548462322232597
 0.1609602366477156
 -0.02684573020337947
 0.06718082962870875
 -0.03856185311105335
 0.0110010857286444
 0.03747967761660877
 0.03727995468008478
 -0.02256412274602839
 0.61298965820396
 0.6025945949396521
 -4.163535667149649
 -0.3045140555656446
 0.05749547024610289
 -0.09523726122233195
 -0.1173314500317407
 0.02667681098675121
 0.1210350165742082
 0.07559650530846043
 -0.1017578035268751
 -0.04984075680260556
 -0.174110026100684
 -0.5768593427987965
 -0.008155861956659689
 -0.05165967733921144
 0.03008586941526965
 -0.03054201248532474
 -0.3011752191652246
 0.04194555954907692
 0.1164146361107949
 0.4949653438603178
 -0.05883463184763801
 0.1010221171084301
 0.04263694087620289
 -0.04974196506132019
 -0.002532504745535803
 -0.0817247643235222
 0.04036069279692648
 -0.1552893011700111
 -0.09229653263263309
 -0.1987956167521995
 0.063801164250924
 -0.1735597851548619
 0.198301685846356
 0.193521890591404
 0.01368436927278481
 0.1445561028105309
 -0.03827551130592292
 -0.05442729519778945
 0.0727656597892678
 -0.06497189997083205
 -0.01445924299570799
 -0.08330433873709248
 0.01418568083352014
 -0.357702489570698
 0.04265932045784639
 0.7286447038951116
 -0.04550374817296011
 -0.03305834794304727
 -0.1471225963610906
 -0.08036662836532352
 0.06460855430140901
 -0.01888033827678174
 -0.02963602884101749
 0.06663393738376826
 -0.05559719184189584
 -0.07552680237594417
 0.0592053151933056
 0.3044831851717253
 -0.003887935507793647
 -0.372141400408074
 0.377980741528274
 0.01319982074588326
 0.03248527037707659
 -0.3800299789245785
 0.002936161318937761
 -0.1204708494187335
 -0.01361362997108877
 -0.1011460809566015
 0.08834872360937907
 0.05360590573354471
 -0.2395774511513342
 0.05290521240403334
 0.2603862516846747
 0.1463117999840476
 -0.3253695671551252
 0.3656433386171595
 -0.05342638635532324
 0.05310936836353079
 0.02062463486779158
 -0.3466502221321912
 -0.1438203313045958
 -0.02796918843191127
 -0.1236106359661622
 -0.7033090188640085
 -0.08343968093959808
 -0.04125244209979161
 -0.01864582794678755
 -0.4018283478962637
 0.09830950925949565
 0.008576887661970805
 0.01331849697423883
 0.04724276569831681
 0.4871443011864955
 0.04251088694869418
 -0.2055591054771808
 -0.01722564377810086
 -0.1792797923950881
 0.2582923137402717
 0.04535957750186538
 0.04576467909509171
 0.02272110153077414
 -0.09810321592752635
 0.5468107443483115
 -0.05470872581686167
 0.01389279746115931
 0.07210372445328234
 1.18556073386353
 0.07140226398710747
 0.1640882875360888
 -0.1417179083490736
 0.07389064431567306
 -2.784154062007714
 0.07337092015209279
 0.05994912194197002
 0.2796687499669843
 -0.1267294785599283
 0.01656842454568084
 -0.02663828874938387
 -0.07686923903353728
 0.6718806551647347
 0.01040870045433757
 -0.06919315187025701
 -0.08145156399473044
 0.1540093317005043
 -1.165624469673839
 0.140203010288536
 -0.2422182672192608
 -0.2057867311926271
 0.1496865699126307
 -0.1331523441098599
 -0.01691865738274473
 0.04234718452336303
 -0.2290433323971257
 0.0614185976916569
 1.424024845168899
 -0.1694918363415858
 -0.01984670102726473
 0.1048919408924888
 0.009231016807843953
 -0.04689891607014545
 0.05956385686508155
 0.1360009360051094
 -0.02440073013854253
 0.06022143241471586
 0.02973991900605319
 -0.007691164472074037
 1.031051699892185
 0.01283425786411218
 -0.3275787727994062
 0.1195920972373385
 0.0372511848379262
 0.1540330774524422
 -0.004376034463392292
 0.1368577145567416
 0.02528437242741329
 0.1252498827764905
 0.109168028137536
 0.1038973015009335
 0.07664635639712176
 -0.05433774023659529
 0.04030815079305819
 -0.07494826380530893
 0.07621791332403534
 -0.002121797371303931
 0.1693048568176857
 0.0761030667290483
 0.05870646624291428
 0.2951649178307355
 0.03568335728145067
 0.0634515113683557
 -0.09156590456553247
 -0.07300836404108275
 -0.2193092016898429
 0.07216888591795301
 -0.1138173677298033
 0.1834209500028923
 0.08939106122201732
 0.01517493555334719
 0.1775384562050458
 0.01030908824987626
 -0.2117840760630156
 -0.01434770194650094
 -0.6067615470293835
 0.1276127264564989
 0.03708686736369374
 -0.588724588490295
 -0.3155507760665931
 0.08263390596853032
 0.1991091365129179
 -0.2375881249964178
 0.1978460421355546
 -0.03582474468366325
 -0.1520358925302924
 -0.1208924885221403
 1.076643773654363
 0.03029604696392711
 -0.1137892997999574
 -1.01578290490608
 -0.3007166942233853
 0.04831603192530196
 0.1015449106305526
 -0.08800116227909444
 -0.05093792528649949
 -0.02066203324406362
 0.1477391702399518
 -0.8468681964550206
 0.1493226552749765
 -0.1777413052945571
 0.1596893326317899
 -0.1375117692954545
 0.3262665825574319
 -0.04178873445470116
 0.08056243499616561
 -0.03831270740410849
 -0.08700874159748075
 0.269292228629982
 0.02501745702797781
 -0.06613940984781286
 -0.006344436256370772
 -0.03141459753824297
 -0.08431673137862185
 -0.07438487973511204
 -0.2601247938988398
 -0.001983113211682987
 -0.007559493302521231
 -0.3260930147845111
 0.1172846840146906
 0.1394760201585893
 0.5743255286658788
 0.4917762247615576
 0.08026738440294841
 0.2435260664363605
 -0.1873404798151664
 0.03708356615699648
 0.003831241438642827
 0.2643633608780843
 0.2666446075050327
 0.007871151348654836
 -0.1067561914990511
 0.0656478803773298
 0.1337624146324309
 -0.4208583135285436
 0.07093673127617417
 -0.01132174063593583
 -0.2146644402893649
 0.05995743135422305
 -0.221258608416029
 0.06084068694373907
 -0.1835911014240882
 -0.04037739148446703
 0.07098506274796093
 0.6715290181942181
 0.06442926807104707
 -0.08567961325658668
 0.3482961573073615
 -0.0397991456135142
 -0.4419189816514376
 -0.1080283895359165
 0.1918078245034105
 0.0254824739443928
 0.2431159965984721
 -0.9622374356104683
 -0.1042145248519468
 -0.04717702090993213
 0.1133078043531695
 -0.06606859953132956
 -0.2219115238939922
 0.0343004199617934
 0.240731685161431
 0.2007933879445831
 -0.06334598917784162
 -0.04232465702564021
 0.1969119890615792
 -0.008718853698655807
 -0.2421925332240207
 -0.01530632624505941
 1.206315910926867
 0.02917370848052963
 -0.1841361773413778
 -0.119954802911632
 0.1780336590954808
 0.1119141924794214
 0.2356662290109411
 0.06615385900321287
 -0.08116353840631643
 -0.1176537412707699
 0.151260352739685
 0.2451742685124281
 -0.08882106242577839
 -0.04838676552409187
 0.0287074014750291
 0.3374735805164065
 0.1501840543129873
 0.1176727703179176
 0.02479398639130238
 -0.484665484090068
 -0.119363146117764
 -0.03325280536771694
 -0.9990564374127622
 -0.09674897166424239
 0.04446156904227276
 0.02654383251339634
 0.0805764904421324
 -0.008556317029995262
 0.2741345469027178
 -0.03051931750581825
 0.03861618829412854
 -0.07530473971039363
 0.1229177993884964
 0.1309173062956049
 -0.05426122444129559
 0.1078061124719673
 -0.01522554368255566
 0.0340073967144956
 0.1746862714954763
 -0.2320877578785725
 -0.09024851817117523
 0.04746729520926368
 0.0924208257178853
 -0.1867052563305453
 0.07126160816226115
 -0.2071300856832197
 0.06108559507696672
 -0.02189361767477924
 0.04618923963154229
 -0.01969389603129185
 -0.007305647042660111
 0.1437748663500553
 0.1067151198793542
 -0.8620492681549261
 0.280812735598822
 0.1178886007035221
 0.06507308140238907
 0.08669257942243873
 -0.5209579288884185
 0.01849394645989863
 -0.3731418063715388
