# Created by Octave 3.8.0, Sat Oct 10 00:47:56 2015 EDT <zhuchongwei@ZhuChongweideMacBook-Pro.local>
# name: w
# type: matrix
# rows: 1024
# columns: 1
 0.01796109593132512
 0.05879136472714945
 0.4626849536358358
 -0.2123939534991423
 0.006505797503262115
 -0.1867862265071761
 0.09117434840696201
 0.7123247553438985
 -0.06437165876254082
 0.1055019673310828
 0.1558829595693422
 -0.1998633108672794
 0.1056517296599323
 0.009195225972878555
 0.1203125083879398
 -0.0254289670047174
 -0.06834589074602965
 0.04355284804713856
 0.3690463284754827
 0.8143284833757621
 0.3548685772397416
 0.1094954178135803
 0.1444053931354906
 0.125111102315354
 0.02717189095189678
 -0.216546194819498
 0.1502821652229003
 0.1559994241596622
 0.07109455687924075
 0.1137001722119646
 -0.04486792246221592
 0.2769899701050225
 0.1538948925911104
 -0.3726373227981129
 1.528287124046535
 -0.1431882942443789
 0.1654152604609946
 0.1192692262239389
 -0.2251129306268267
 0.616337987845976
 0.1235102046981271
 0.1107890153247583
 -0.002165641932462525
 0.4058365425777836
 0.2629732936419476
 0.09822985419510698
 0.03919659942504165
 -0.3139130064118077
 -0.04942850246333255
 -0.00329652562507263
 -0.06540694949833754
 0.1027822337704743
 0.1402820250519325
 0.8566229042450996
 -0.5063726322292442
 0.2875484836532671
 -0.07917218268324652
 0.2607662206628035
 0.05040670062522228
 0.3866590443258042
 1.147168805249211
 -0.04900926858165935
 0.1554580608945617
 -0.5842272935438102
 0.07800549158214033
 0.2766640744758658
 0.1914947978349397
 0.01181602955807249
 -0.02596521454914717
 0.1196089443801293
 4.502258401741093
 -0.06962870041817203
 -0.1048050739169633
 -0.008735912618117764
 -1.008255314795883
 -0.7032064788987417
 -0.3325124303440125
 -0.01034865992481733
 0.2317303636737897
 0.1193915264553666
 0.002972231836123192
 0.04416743878520125
 0.1589271067986496
 0.08642075361160488
 -0.04600905127135635
 0.3835818979468957
 0.02179082714967949
 0.0945566043607078
 0.2637863453458176
 0.2880049301493897
 0.1086352704699994
 0.279284591959356
 0.1066327834522764
 0.06853435353232644
 -0.1910485011778958
 -0.09767034865148197
 -0.1072870137473282
 0.489749181423232
 -0.1596749159410298
 0.5568665418186
 -1.296504303573604
 0.08371760572582149
 0.1743539715394194
 0.272279072158875
 -2.103173144856139
 0.1099589094146289
 -0.2829132539036989
 0.1854385685723959
 -0.8360065123784889
 0.4476315360634423
 -0.1825651167629154
 0.2428403748770326
 0.7061371950169948
 0.04932555506864009
 0.03957354690187034
 -0.02668195837454537
 -1.199181138884502
 -0.1023092904758115
 0.2018690616259232
 0.1491852612699377
 0.3564274476960389
 0.3627926676480446
 -0.04906287895865485
 -0.2249293254322106
 -0.3468237255277272
 0.03694429114110097
 0.005393594251632213
 0.01592358149287802
 0.1016330690690616
 0.3290535460587368
 -0.1378688011994584
 -0.08037100188781258
 -0.3114388451711685
 0.1800567671754529
 -0.01710041524650582
 0.2742295787440676
 0.2013650117759332
 -0.2884908616827951
 0.0300074294026974
 -0.02670145018165434
 0.165276616419975
 0.1007410218298882
 0.1712479982106607
 0.1594298523682272
 0.5213430476556532
 -0.3329428815215619
 0.1130401830747099
 0.2427662631113875
 -0.148368768490456
 0.1136851739287758
 0.1328738215544915
 0.2319237307598342
 -0.09556659148882928
 -1.830857475609617
 -0.4932656310633529
 0.2843881028078612
 -0.00167652342234912
 0.8356712391334178
 -0.6375159376821492
 0.118660568782209
 0.1970415882517325
 0.1298797639038567
 1.138520879870637
 -0.2131593178424719
 -0.5302278257182006
 0.8790216485880212
 0.2237254680979357
 0.05600465812115882
 0.03097952048693076
 0.1432915842331779
 -0.999305204735362
 0.05006929329535122
 0.7379724134745038
 -0.1880663402496182
 0.1132593981002863
 0.117763228144879
 0.01625123420553481
 0.006351997432156109
 1.11069594872871
 -0.5477893170712725
 0.04036496733502928
 0.08472581514450818
 0.132750626041985
 1.751372727482835
 0.2076935889366634
 -0.008733800486916099
 -0.1989943210143057
 -0.01254341891707846
 -0.08199871287686301
 -0.08126381408180597
 0.2060114867873361
 0.1152204533440534
 0.1061389459631908
 0.0759454621342239
 0.5980055036541533
 0.07716965433554039
 -0.4673870464505039
 -0.1041006871177181
 0.06761340814210325
 -0.10091500069737
 0.1091114702236293
 -0.9120641332395476
 0.1826295761260208
 -0.8367161687756123
 0.2027347791414342
 -0.08395485885910507
 0.1526120749283254
 0.1572318397393429
 -0.03007294960241992
 0.2118167508251033
 -0.572762778686167
 0.1480302427921625
 1.39406206969414
 0.1267965598389262
 0.07435993289109506
 0.2480161342260823
 -2.359416868490072
 -0.2537111732098188
 -0.2878927632022099
 -0.07567185869896939
 -0.2777070191623878
 -0.8353465253432972
 -0.02762392863372358
 -0.1976944069750712
 0.3264258017101098
 0.3584204208341015
 1.727382599690925
 0.09539414780163859
 0.1147716623823822
 0.2094009217697842
 -0.01248048320846539
 0.1593205196700236
 0.1964797793100294
 0.3071299565470609
 -0.1310418603135476
 0.5769560269909634
 0.2464919121834415
 0.1135589018986384
 -0.1569488196678383
 0.4875781375940686
 0.1582540628667564
 0.1275209682111896
 0.01109910455090116
 -0.5843548816735541
 0.7134228884129108
 -0.1254317351205071
 -0.6082671015029801
 -0.05505729453072111
 0.6344208074208694
 0.1208150170755222
 -0.1444653278892332
 0.1861324877566101
 0.2733717255701492
 0.3591124695558607
 0.1183262077200949
 -0.1437286923213928
 -0.136168982177116
 0.09619282348383422
 0.1976558067290197
 -0.1486861460361547
 -0.09324542683388322
 0.3688165204084911
 -4.624430282748746
 0.1010384903407543
 -0.14977899584119
 0.1140878373933696
 0.7460569805790392
 0.02116389924972773
 0.2656284289753949
 0.1706025889484137
 -0.04306924942319911
 -0.05411482908770327
 0.1790174297389211
 0.0966724403845915
 0.03275814039340039
 0.2183454521132832
 0.09843809040128104
 0.1214408656821493
 0.3201047879137738
 0.09378128060253944
 -0.008973798200741009
 0.04499949131811817
 -0.09329142323931801
 0.08150354845909762
 -0.1256489346608847
 0.08213243765197691
 0.1972551338523114
 -0.3187776627612933
 0.04827231532063951
 0.6422774591191881
 -0.07099141235326151
 0.1749729732766341
 0.1530331894592782
 -0.1457141098972919
 0.1458328646417329
 1.057783557778666
 0.6450553161224073
 -0.01111372621857944
 0.005699510719586185
 0.07842133377370608
 2.643789579508515
 0.1380384978369783
 0.8644959319167056
 0.2916154288314767
 0.2092145262906261
 -0.0461446502564823
 0.5134893318529732
 -0.2089931322606753
 0.2047281298394591
 0.03279565446726111
 0.866166444818826
 0.0133217511322691
 0.6063934021338497
 0.1297555958105548
 0.3750051316509681
 0.1281198402306347
 0.1425718192133042
 -0.03666861471585978
 0.3314023053967845
 -6.312099553045353
 0.04685233368663941
 0.2084226571113553
 0.4756348112524268
 0.3315749616880593
 -0.3853355870798857
 0.9320252780322695
 0.06197969764023873
 0.2472426777522026
 0.2832910777959158
 0.1010901270842389
 0.4114608163596092
 -0.2130185585304801
 -0.2256425030399865
 0.2105760619197543
 0.1791745927218755
 0.2989787472569439
 -1.30035653930012
 0.5730726794285891
 0.02736772882155351
 0.1616018718040905
 -0.09021045282404688
 0.144005684682725
 0.05517091162839081
 -0.0543768309039794
 0.06946030484124226
 -0.1429665520771323
 0.5117879433236316
 -0.08548991008875667
 -0.2999538526420364
 0.08784197932093582
 0.2470645203029668
 -0.1233264642753855
 0.01950399709509287
 -0.254591305917412
 0.4062001795247777
 0.3767300302011574
 0.2325104992761669
 -0.05717326281462459
 0.3055638980475047
 -0.1148990186806868
 0.9890083235053005
 0.1449885564483155
 0.04965558139128834
 0.177613651460258
 0.119735870445537
 0.1376657839034189
 0.04914827891517308
 0.1833567128630922
 0.006590848359041225
 0.04385304102510188
 -0.206472657715791
 -0.1535502904575837
 -0.3145877999809922
 -0.3526847359423301
 -0.02853786628346299
 0.1164032439309404
 -0.01169971468994945
 1.197922821003411
 0.118652513725221
 -0.001812146939967947
 0.3145042532245055
 0.6002241318124635
