# Created by Octave 3.8.0, Thu Oct 22 22:46:43 2015 EDT <zhuchongwei@ZhuChongweideMacBook-Pro.local>
# name: w
# type: matrix
# rows: 1024
# columns: 1
 4.488795820046927e-07
 1.428040108645672e-07
 1.116151410414819
 -0.01083879219226949
 3.925867696286561e-18
 -0.03356936683628872
 0.0004681985333107167
 1.014411655510503
 -2.152235133688346e-06
 0.01030559782383153
 0.009775789610557575
 -0.01070952841658071
 4.692744938029258e-06
 1.860773518782529e-13
 0.003679204539416869
 -0.0002581432314637585
 -0.001239066868005124
 -8.206810939932405e-19
 0.1188062661589227
 2.175315160515708
 0.01068765332267177
 1.460532468406336e-06
 0.01635778823321325
 0.0001992444840720161
 -4.909707877385552e-08
 -0.0002977290863292808
 0.0048272805540398
 0.006437864728833126
 2.385473338588807e-10
 7.811728843691353e-05
 -0.0008060017494167385
 0.01012037188338381
 0.001084849441830547
 -1.785146498237743
 5.844825535488912
 -0.004688418718820441
 0.001597138289825224
 0.002422765796262964
 -0.04634414172197519
 1.410545354927913
 0.0002357363092531039
 0.0001019683942515055
 -2.876882006860594e-05
 0.6356056607023167
 0.005216158473263991
 9.840502826240923e-06
 3.109649954620814e-06
 -0.3869783953908533
 -7.076593959791077e-06
 -0.004928704115767977
 6.849434055195521e-05
 4.142296680684504e-05
 0.001782334827260174
 1.326511343835052
 -0.8555359851224242
 0.01974410042681493
 -0.007180937866930027
 0.4645586006479185
 2.6933566903744e-08
 0.125945236806625
 3.355190552268678
 -3.259318226426449e-09
 0.008224505504222329
 -0.4416346440414171
 0.003450236933784492
 0.002644438796071192
 0.01271086755709495
 -3.827042941909624e-07
 -3.24729462909349e-05
 4.599565330939162e-06
 16.27518635360421
 -0.01107198384139062
 -0.006231622758308281
 -2.112988625016708e-07
 -3.898119502098234
 -0.7927454075782092
 -0.02493694554189948
 0.1639449506062409
 0.01192759780213271
 0.0009202924978321146
 -6.552713383034313e-07
 -1.930994906794399e-18
 0.00166046215173339
 0.0002603507054196156
 -0.00246050670030747
 0.3266642529032782
 2.860753287185169e-18
 0.0002171361863815261
 0.007729783508850357
 0.01490158557137635
 0.003682996126039828
 0.01130149638615528
 0.000347970869050814
 9.445141022956067e-05
 -0.0004958362525391707
 -0.002934108402137691
 -0.004989816123855456
 0.755934703097681
 -0.01936535871802024
 0.009742784644554237
 -3.558531259950735
 2.346721243042289e-05
 0.0148778271685752
 0.006753856827233898
 -7.55590558903481
 0.0002168306234063085
 -0.1096094522001144
 0.005309676708124446
 -3.437232132753608
 0.9813781586126843
 -8.307191530781446e-09
 0.001958475938050785
 2.544390322578352
 3.800085574470533e-09
 -9.977866206167888e-09
 -7.176847690145973e-07
 -3.067084536730728
 -0.000143459512886684
 0.0003361716284619171
 9.248670226235395e-05
 0.005303184820683492
 0.0212761993619968
 -2.110870869303509e-06
 -0.01764720466039809
 -0.5114929570175233
 -0.0002147279494666788
 4.739167497208162e-18
 -0.006780712333754936
 -1.564858584496938e-12
 0.02399757905130201
 -0.00854537096702143
 -0.001415476061782926
 -0.006606478482032175
 0.00519511625526734
 -0.001036726353052555
 0.02398055096658477
 0.01336172376092877
 -0.001651860819737584
 5.264762924750479e-06
 -8.226694633133076e-05
 0.006043066622201489
 0.001676374199847097
 0.005662212138229923
 0.0007551067462635872
 0.02008090547895271
 -0.009228253211579766
 0.0007645999332991507
 0.03584817267335329
 -0.00467211437958111
 0.3765542086699158
 0.002547404713496682
 5.200010951083277e-05
 -0.0154559795256703
 -6.473035278651859
 -0.9705451607994726
 0.0002647900387609587
 -3.597152446325309e-07
 2.039431107692068
 -0.851068239094859
 4.446810728175195e-07
 0.0002236956693355405
 0.0002947691341423885
 2.406207996088933
 -0.001448816316289538
 0.9113473921758601
 2.588700166910321
 0.002257562237545934
 0.003800870934523524
 3.431895271086935e-18
 0.004910724522563267
 -2.250888801790962
 7.367532199703219e-08
 1.41088634893161
 -0.002021399909503926
 0.0001902344082081345
 0.000725768795528361
 -1.536202241893544e-05
 -1.772078692098262e-05
 3.694748026734342
 -1.741925376992239
 8.942213999140022e-08
 1.722022036565725e-06
 0.001627477118049547
 5.302609419514142
 0.01326354838990776
 -0.0003757926937524741
 0.03608688403852751
 -1.717061483078596e-06
 -0.002028872774296914
 -0.0007722233732670479
 0.01140683820399091
 0.001053036237048339
 6.355399395457356e-05
 2.254873845679199e-05
 1.478914679139531
 9.76993758474815e-19
 -0.008735536150952452
 -0.0005480329802060825
 1.502734860444624e-05
 -0.0005246597029077435
 0.0032087441535445
 -1.26168347267117
 0.008318636388679667
 -0.694498929182699
 0.01221578772900327
 -0.007073832282428531
 0.000448572720013454
 0.00145618960621438
 -4.89648940067107e-06
 0.01994662257646679
 -0.7710905307220318
 0.001326666027097468
 2.78320116208361
 1.068768819385238e-05
 0.002768034842639221
 0.03684939343503875
 -3.877523394421712
 -0.003327089264365098
 -0.01044972696743415
 -0.006819967091458564
 -0.01886384741998184
 -1.7270733505031
 1.779347403818537e-18
 -0.001367168987664306
 0.009264041144631434
 0.005635825772268606
 4.599732549091212
 0.0003956860016367408
 1.160718897153444e-05
 0.01468313500477788
 -0.005694328118600955
 0.008831821724817076
 0.002997185170460078
 0.06849638061578625
 -0.04099513050778897
 0.9447439707920324
 0.01986086081734042
 0.001243598963032787
 -0.003805600137398636
 0.8139532755015988
 8.219070631054838e-06
 0.007896201044442492
 8.94604909397953e-07
 -0.8546772858023205
 1.756429665732935
 -0.001210014629061538
 -1.391534002150759
 -4.541561851941811e-07
 1.293415408165787
 0.003277084497218113
 -0.02431264364555869
 0.01129222741793138
 0.01776438787099165
 0.09209316843984602
 0.002150953493597064
 -0.0105800715456513
 -0.006587536741687545
 6.919748891252185e-06
 0.006197935390598978
 -0.01516725678712665
 -0.002535269352788767
 0.2594891417078503
 -8.629011670189604
 9.078647461447696e-05
 -0.001895836202829893
 0.003117227456482951
 1.691575483036063
 4.702456035305497e-09
 0.02359960535562872
 0.004223937202271908
 -0.003443096515171006
 0.02648217968877541
 5.957422761966635e-06
 3.259979881872671e-05
 -4.653693133122547e-18
 0.02877283663670761
 0.0004936886862505557
 0.0001000240422053323
 0.001886034967239878
 0.005562279142386132
 -0.0005499467006365569
 -3.771402827486935e-18
 -0.005281726034446793
 0.001330154920269402
 -0.006614428135983869
 0.003910059617090123
 0.008826947067208064
 -0.007379811873422625
 0.0006416299833767451
 2.023154981006629
 -0.005456703191384758
 0.003032786823080925
 0.009989264745745378
 -0.003576502151295229
 0.001318485841197198
 -0.001846650803569678
 1.163847438334913
 -4.483731427455419e-18
 -1.865169383319544e-18
 -0.00258983720841814
 8.117848213764995
 0.00332734085936066
 6.119252722862057e-09
 0.02268368356239538
 0.01608588642070989
 -0.02394335071421432
 0.3700330470048399
 -0.7733265798502383
 0.02239734132603493
 1.82935142266158e-12
 2.725942069365482
 0.01881318223408478
 1.354287155738192
 0.0002072828683351451
 0.2846286510659581
 0.0005051035567184761
 0.004641891206361897
 -0.001008055781061108
 0.03755655696887991
 -6.349476129932863
 -2.146114889505226e-11
 1.936641348722581e-05
 0.8106690508913955
 0.1926911767059911
 -0.00239220658634726
 2.456867073441828
 0.002484671629584923
 0.001984435174987934
 0.07179200046644602
 7.610384822354649e-06
 0.3881589317915913
 -0.1197215282725863
 -0.002076792966907205
 0.01282982025911455
 0.01488875620848158
 0.1069670217891881
 -4.03116217130154
 1.103480823156136
 1.789343350736282e-09
 3.219958082146852e-06
 -0.002054736973268235
 0.01405622338405761
 8.028568170520271e-06
 -8.44079106169147e-05
 1.146893384263197e-05
 -0.00950221134415888
 3.377635821188711
 -7.468999563085614e-05
 -1.110927116304513
 7.676905434257096e-11
 1.907397621131038e-10
 -0.008704323598115715
 -2.806840642506062e-09
 -0.01281684413759729
 0.3037919613786165
 0.5303554384064503
 0.008537060649452066
 0.001386605374623446
 0.03778174139106848
