# Created by Octave 3.8.0, Sun Oct 25 16:06:17 2015 EDT <zhuchongwei@ZhuChongweideMacBook-Pro.local>
# name: w
# type: matrix
# rows: 4608
# columns: 1
 -0.04003166773566726
 -0.0256748262607494
 0.1184616201017574
 0.1181040863482538
 0.02771077570826424
 0.1420932712554933
 0.2401122507301587
 0.2012324003761061
 -0.03999296628483093
 0.01382764145785367
 -0.01977625999491722
 -0.2766569131277087
 0.231052972386463
 -0.02357439477714362
 -0.3322825806968251
 -0.02622187073259117
 0.2494220831247923
 0.03649795642355882
 0.009946506055060592
 1.155482688653855
 -0.1052325769329626
 -0.1189545339303956
 0.0007049854928962832
 -0.07169554718538432
 -0.1817730797912874
 0.262088676259755
 -0.1188392937236514
 -0.1749438251427649
 0.165298818709397
 -0.03179517773217672
 0.07130304793619788
 -0.05124817023491222
 0.01189557649366018
 0.03489775146626703
 0.02444429823054422
 -0.0404293379301343
 0.6641181775227829
 0.6385845072391534
 -4.179531363024318
 -0.3182515295547676
 0.05637467582156314
 -0.1040105926589645
 -0.1262285118539858
 0.02852867308143393
 0.1290261236934569
 0.07801103993380287
 -0.1152349863610268
 -0.05805755389794647
 -0.1834626894492496
 -0.5957078985819183
 -0.002348973809272398
 -0.05573762166962346
 0.03871321007845624
 -0.03903951395418043
 -0.3007702147415948
 0.04592982673589353
 0.1251167316344843
 0.5167101774732132
 -0.06359431915502373
 0.1060027572644267
 0.04669919020762452
 -0.05376587322684801
 -0.01579337580230877
 -0.08864961960702175
 0.03160269899730649
 -0.1595674331028
 -0.09564482215538229
 -0.1963782118892002
 0.08111899542924077
 -0.1699265019912389
 0.1993495285561686
 0.2106593872879584
 0.01307924728326175
 0.1532805939651805
 -0.04273326192514783
 -0.05536733253646219
 0.08064519122096987
 -0.06507382385990314
 -0.01529237149341039
 -0.09584356798769898
 0.01436046408450104
 -0.3758100488142327
 0.04676036838433115
 0.7902588102666588
 -0.0498950811903723
 -0.05890042964929938
 -0.1566643371631967
 -0.08099151096751146
 0.07340234454783907
 -0.003811432736937233
 -0.02869062074050637
 0.07125198021925241
 -0.04996607755167431
 -0.08568298692112414
 0.05949248630401448
 0.312573884874905
 -0.004164382672852951
 -0.3973924291053259
 0.339695251427667
 0.0111580794443883
 0.03803081659347734
 -0.3949133607987682
 0.0005676948937147463
 -0.12682311710786
 -0.02249646399264234
 -0.1030641543178935
 0.08439367979644992
 0.06304144585631831
 -0.2636906896982052
 0.04971990849509888
 0.268842712755875
 0.155792622224142
 -0.3419899451033397
 0.3834676164727751
 -0.0578862386672299
 0.05331973699601767
 0.01908554867958713
 -0.3707678661479511
 -0.1591788022113923
 -0.02419082131964714
 -0.1302063357836934
 -0.7201397128415189
 -0.08632026378113193
 -0.04435488404011533
 -0.01796777669442484
 -0.4207311571875229
 0.09202803149412234
 0.01168866872824364
 0.01187700138220927
 0.03623115132132184
 0.4613213158630482
 0.05352182672025111
 -0.2266511257009212
 -0.01039551527469369
 -0.1922080483664873
 0.2678274989984166
 0.0416727683128256
 0.05727970775926245
 0.006358543421228377
 -0.09743136263787852
 0.5766466326044165
 -0.04957064922113465
 0.01567360300250018
 0.07409647284877952
 1.276093990915627
 0.06852027148852811
 0.1807181212314471
 -0.1561608334085791
 0.08079916671882054
 -2.930528644821432
 0.08565820953678731
 0.05830730505852946
 0.2859232792229757
 -0.1429591626209801
 0.02208464195913084
 -0.02826246032535288
 -0.0862271997625409
 0.679341924330081
 0.01149601460441908
 -0.07121607771380549
 -0.07553842760020983
 0.1716955957407613
 -1.216697857573331
 0.1522216402943418
 -0.2337251894899219
 -0.1957500183974763
 0.1592426903374156
 -0.135237206385404
 -0.02468480840423032
 0.04748787351578846
 -0.2481995069076863
 0.06677395682905345
 1.523754654139419
 -0.1742451082892304
 -0.02182564837746216
 0.11139327252938
 -0.001691371726540168
 -0.0566666058345897
 0.06579215435911008
 0.1406489617779864
 -0.02113519358655652
 0.06515592896856377
 0.03586242364332803
 0.007663844155948817
 1.072985201026611
 0.01156517015401072
 -0.33000953014254
 0.1217941781955764
 0.02873024751539861
 0.1569680737986447
 -0.0001335626129930492
 0.1492895529801994
 0.02547589729019603
 0.1359057017129513
 0.1179518621797832
 0.111336639936897
 0.09212035732974737
 -0.05783841627004174
 0.04376040132005225
 -0.07753307193255805
 0.08553038932162109
 -0.003309934119431007
 0.1831992428355318
 0.07319940391572639
 0.06766790976473049
 0.3102528267248812
 0.03279357078093623
 0.06709448246852069
 -0.05811263277047369
 -0.06964971440813987
 -0.2173134493144173
 0.07679886792065987
 -0.1249387096675061
 0.1944280592682401
 0.09658877334312872
 0.01479860142227565
 0.1984538375183559
 0.01045286814045219
 -0.2167826374016393
 -0.008856221337264276
 -0.5315608080570179
 0.1355972543988564
 0.04141700236011277
 -0.607742426247203
 -0.3498022760580225
 0.08426496522771322
 0.2138626732199167
 -0.2511397098792971
 0.2106844303236703
 -0.03622751894049045
 -0.1600301681884123
 -0.1219261682601605
 1.082759868472882
 0.03145258204111566
 -0.1119049172388806
 -1.064041611170594
 -0.3415884324645274
 0.02622447916663972
 0.1206373528877023
 -0.09042134137414491
 -0.05195947281476088
 -0.01764206887475911
 0.1563005396500154
 -0.8714041625002563
 0.1230715347502676
 -0.1846196860491881
 0.1732791605119222
 -0.1497587384475587
 0.3074691073616664
 -0.0512171915765205
 0.0866093804786336
 -0.04009973388200657
 -0.08431912910090084
 0.2842029421243115
 0.01613101740610528
 -0.06676865689928871
 -0.003577262522457898
 -0.0299572682540183
 -0.1013715330619691
 -0.08100812866631904
 -0.2702852449098956
 -0.002560467472291206
 -0.01725573490384552
 -0.3427306155106226
 0.1233094513757443
 0.151387467203443
 0.5993833844385168
 0.5216080890192295
 0.08468566557462831
 0.262858762882097
 -0.1945128294986286
 0.03683996003588321
 0.009114697661450252
 0.285707676205678
 0.2871052973849476
 0.006823425342126105
 -0.1086894495167735
 0.07760438105799419
 0.1492997072588806
 -0.4354546061519908
 0.08129426745112062
 -0.01423554318496778
 -0.2280528649237039
 0.06622810682107939
 -0.2314257557052377
 0.06606826697884755
 -0.1860899020410346
 -0.03629552011991035
 0.06627447703759524
 0.7248696868008798
 0.06157233101289817
 -0.09084270503343084
 0.3766637193421712
 -0.04255148201294141
 -0.4593314963905298
 -0.1225911401948896
 0.1780337154121414
 0.02717381752610448
 0.2700102835314618
 -0.9928901996738354
 -0.1153414532897741
 -0.05380158013763165
 0.1360158341672762
 -0.0728170344193345
 -0.2280114448605119
 0.04011967377810939
 0.2624779126684813
 0.2043163392514674
 -0.06227100842676581
 -0.03396329423654774
 0.2146667307422519
 -0.01448907960882462
 -0.2588045286680721
 -0.02157345550858185
 1.205309506972128
 0.03150661052240525
 -0.1945035089753561
 -0.1270934685507576
 0.1909948032403203
 0.1209940462273165
 0.2366564990732316
 0.06561320809734038
 -0.08713971691847808
 -0.1318000996367598
 0.1621760994869101
 0.2787281247512713
 -0.08493851147140162
 -0.05307324300999437
 0.02860853599236074
 0.3042887525933817
 0.1483294761298564
 0.1253412843309436
 0.02542247274853712
 -0.511469437717235
 -0.1312334658040376
 -0.03456289858536421
 -1.034359946318251
 -0.09751255395533419
 0.04725142522687589
 0.02722577135013688
 0.08770690312047476
 -0.01096927993493228
 0.2885604396799125
 -0.03233214436471085
 0.04035511580945384
 -0.08893770642131357
 0.1295910058714828
 0.1377590392883611
 -0.08468533841712583
 0.1130862371888031
 -0.02457197399952728
 0.04498855781971993
 0.1839678932758855
 -0.2393102200712093
 -0.09187339640400577
 0.04822916468015347
 0.04480514628463493
 -0.1996888702529731
 0.06673226598305931
 -0.2228504474663017
 0.0693659277450417
 -0.0237681076051799
 0.04014090729601603
 -0.0206588956363703
 -0.007866963025653534
 0.1526963319014351
 0.1204319371957236
 -0.8909441765325058
 0.3092405889693329
 0.1276264131597182
 0.06493579504745763
 0.09429555736054338
 -0.5436429050071038
 0.02331541074037179
 -0.3894008894444442
