# Created by Octave 3.8.0, Sat Oct 10 01:18:44 2015 EDT <zhuchongwei@ZhuChongweideMacBook-Pro.local>
# name: w
# type: matrix
# rows: 1024
# columns: 1
 0.005755848273958041
 0.05674717419223264
 0.4642937928747886
 -0.2179424937810383
 0.01425122056250947
 -0.1741736619479206
 0.09054282664583012
 0.7164156481433673
 -0.06994472587332447
 0.1075666732259498
 0.1571919295649302
 -0.2052729100013372
 0.1042236519654412
 0.01233295976675746
 0.1178621700563717
 -0.02713169435709011
 -0.07461664210962461
 0.04334913206048548
 0.37509947585422
 0.8151586898518913
 0.3481984173767964
 0.1119444544535829
 0.1425914685509265
 0.1236547596196187
 0.03441815967132128
 -0.2323862765583572
 0.1462696419813513
 0.1591973009511518
 0.0727902792565608
 0.1226313153147096
 -0.03522681181707076
 0.2759195227102315
 0.1522221041199184
 -0.3250646842769477
 1.517928237112125
 -0.1460775891175373
 0.1621905656587153
 0.118025060541477
 -0.2114239938283185
 0.6104238625546852
 0.1239847123643579
 0.1101044454668145
 -0.002559601365738844
 0.4085740489847995
 0.2590513128413593
 0.09607524452791336
 0.03464357396347947
 -0.3021194788607036
 -0.04519570448092148
 -0.02750110294919359
 -0.09233448190702671
 0.09359048560726187
 0.1415120859027291
 0.8630277604252612
 -0.5305523922251989
 0.2863015455722131
 -0.07577413139020729
 0.249594724447592
 0.04465093268741526
 0.3881017176606957
 1.172640289107519
 -0.05317139735624903
 0.1492794158894958
 -0.626594844043991
 0.07602335705723842
 0.2411744979723207
 0.18747702216812
 0.01517723055266048
 -0.0205507709988395
 0.1255968395289403
 4.494687567372591
 -0.06333432956664327
 -0.09150279971159604
 -0.004072979222445255
 -0.9834668533901971
 -0.7487029148593183
 -0.342719117433274
 -0.05137258698226465
 0.2327645902951255
 0.1288296162325474
 0.002836485310531715
 0.04659933763459662
 0.1566978454575302
 0.0926595593587001
 -0.05944536451190511
 0.376350630534841
 0.01900013656517179
 0.09198966654202978
 0.2583271785508421
 0.2801276010625796
 0.1103547224144972
 0.2779129199237148
 0.1025154838126532
 0.06935984501376806
 -0.2091574316198955
 -0.09698508482806438
 -0.1056736453513821
 0.4988818801801969
 -0.1506494251558819
 0.5983591568570443
 -1.328018816586232
 0.08030653249202967
 0.1630309033687587
 0.2632280038257308
 -2.163903362433639
 0.1135430039112092
 -0.28240778679365
 0.1858029542032553
 -0.8348156959369391
 0.4396040256681102
 -0.2340701458328003
 0.2382305521773554
 0.7036463431735024
 0.04891711220032981
 0.04086942229634252
 -0.02984108006036299
 -1.233679632437337
 -0.102131775860233
 0.1960380204976272
 0.1471102646583909
 0.3558944566048955
 0.3676844671032009
 -0.05057060091839724
 -0.2226766158835972
 -0.3350945911513986
 0.0369331382222941
 0.004756870010862189
 0.02800179488289747
 0.1127187329473175
 0.3309456257205133
 -0.1304271082238406
 -0.0807240340175915
 -0.3192261291891899
 0.1797124667684002
 -0.01760519349808151
 0.2787841781718976
 0.1912428789944817
 -0.2775163262107747
 0.02859661998527199
 -0.02895737171851601
 0.1590174576517517
 0.1078088264459678
 0.171195977569958
 0.1578689718587866
 0.5427477892585063
 -0.3641558315765522
 0.1135698432778844
 0.238150308518747
 -0.1495289019703656
 0.04773834114961002
 0.1338148816555599
 0.2336051740177902
 -0.08606141894583709
 -1.780876052374069
 -0.4801689643896846
 0.2904441496093942
 -0.000901207166293006
 0.8266386656318518
 -0.6902777236912073
 0.1152503886956318
 0.2027186135727568
 0.1336712072055173
 1.136049241657861
 -0.2317118461425953
 -0.7214377740314135
 0.8900631708071477
 0.2158796367493274
 0.05695356179586625
 0.02751906434470711
 0.1421517418298995
 -1.062802819903522
 0.04782527442892413
 0.747444503539694
 -0.2026841353404339
 0.111457998685247
 0.1227943146754906
 0.01440644739695425
 0.006073437113654366
 1.103324159661936
 -0.5530503076543906
 0.0329446014943533
 0.08667266088077537
 0.1300118625459397
 1.731875932723068
 0.205616292638627
 -0.003182145404707028
 -0.2639980405804183
 -0.009242916087025233
 -0.07965894806203376
 -0.08117825294738415
 0.2030360843416004
 0.1096386386176992
 0.1021523301698713
 0.07387617989459984
 0.5770823415039471
 0.07934772412568737
 -0.4909692594491263
 -0.1079361524292965
 0.06707933778195399
 -0.09791113388424048
 0.1119002867009668
 -1.03592636983477
 0.1721699870126236
 -0.8698093144967178
 0.203480922131547
 -0.0809119126842849
 0.1470657780150379
 0.1663840126801397
 -0.02477106626441077
 0.2112270906968796
 -0.6060830040950603
 0.1467864999410347
 1.435847578261685
 0.1243842714997492
 0.07065579458032832
 0.2425900601421809
 -2.61954356451126
 -0.2538819870102062
 -0.2974587915308471
 -0.08043313600026231
 -0.2828000829952895
 -0.8587869936491518
 -0.02956919346805647
 -0.222379347561705
 0.3369305695480356
 0.3566682339390074
 1.750314794878482
 0.09687244293356642
 0.1134263701483853
 0.2007303582793529
 0.003530097109614703
 0.1560983685260001
 0.1950296151029066
 0.3013111650112822
 -0.1246425721922546
 0.5962317738899607
 0.2393097177687217
 0.1115925955803516
 -0.1484421295037213
 0.483495210094015
 0.1478956852284151
 0.1263223621458626
 0.007573281744988308
 -0.618035723093994
 0.7147145368271415
 -0.1276859551403556
 -0.5922350111519068
 -0.05647175845298286
 0.6305655776357627
 0.1189797891545401
 -0.1285967857380065
 0.1919053532343387
 0.2768110776515265
 0.3616189078459423
 0.1209939568829051
 -0.1419611404141989
 -0.1341791158021808
 0.09973758861817297
 0.1986371893827174
 -0.1403226810756834
 -0.0960537860561607
 0.3625138645203381
 -5.113891935732034
 0.09625087584531804
 -0.1534164023304462
 0.1233650688952089
 0.7329643259184023
 0.01363243054658512
 0.2589454906874601
 0.1675564544978615
 -0.03921182682628502
 -0.0994767042147628
 0.1854446875682096
 0.09344354793858368
 0.03860460639254615
 0.2163987397267489
 0.09634386579760849
 0.1161522932694902
 0.3115080401135008
 0.09551199057562605
 -0.008063274767219249
 0.04993924317963145
 -0.09273695626392987
 0.08029701666177966
 -0.1380259589626618
 0.08332639238519829
 0.1963398630188711
 -0.3228814787033835
 0.05133687560050846
 0.6485527434631646
 -0.06661112774672756
 0.1769428633613478
 0.1513646932140715
 -0.1449056265072301
 0.1434477487995216
 1.180781699029854
 0.6429564216014243
 -0.01596778278123457
 0.009141920517118513
 0.1047439232329911
 2.626266634005749
 0.1361419543100628
 1.066002806944058
 0.2813008980973056
 0.2019831801060955
 -0.02975147322092543
 0.5252675115706292
 -0.1658912906060056
 0.200254081476817
 0.02910464255204568
 0.8625878371791215
 0.01631644469601787
 0.6124748474962743
 0.1348755812921482
 0.3658889783862322
 0.1278232756535383
 0.1455114346709743
 -0.04066272920232544
 0.3317452814754417
 -9.824070232574961
 0.04626012341963037
 0.2183127654370303
 0.4925406861567564
 0.3142242332164624
 -0.4283573766769742
 0.9223043748634169
 0.06374164231166274
 0.2031463855827833
 0.2773066607963008
 0.09144703249762497
 0.4014158897511169
 -0.1884774914599771
 -0.2417418987315868
 0.2037515408886444
 0.1730837272969151
 0.2884326261526456
 -1.32711570917343
 0.5739713378559157
 0.02835210155033194
 0.1644461170197129
 -0.0821930383511664
 0.1506166625192144
 0.05112645049039208
 -0.05381827700582596
 0.0647320239590132
 -0.1438365155592289
 0.3278737798074656
 -0.1017559963620509
 -0.2608881787261214
 0.0883617254231522
 0.2657509151585835
 -0.1179178981268728
 0.01074384493781195
 -0.2507536308041273
 0.4044007381699612
 0.3657646042577867
 0.2291432138941214
 -0.09238504422006376
 0.3032559459539624
 -0.1060851608496597
 0.9954352051805249
 0.1517704601725308
 0.04712725880037565
 0.1770594942235774
 0.1094044552843632
 0.1310271498203377
 0.05915432598964456
 0.1854873534709834
 0.008020575080204803
 0.04800493726797844
 -0.203268215180693
 -0.1496863461108378
 -0.3146246886688157
 -0.3409971994010864
 -0.03099445455045858
 0.1208876145050664
 -0.03493039584024948
 1.217211341228599
 0.1161063587443065
 -8.878083545062941e-05
 0.2782704489338604
 0.5995722323987953
