# Created by Octave 3.8.0, Sun Oct 25 15:31:31 2015 EDT <zhuchongwei@ZhuChongweideMacBook-Pro.local>
# name: w
# type: matrix
# rows: 4608
# columns: 1
 -0.05291457366301996
 -0.01713145328793885
 0.1421303315717087
 0.1377102502880215
 0.0120491878859747
 0.1633594707776175
 0.304838576533056
 0.2084886609244705
 -0.06116961471427659
 0.02719348888372625
 -0.04682405646080115
 -0.3033076712805056
 0.2651236104960751
 -0.03751135377571156
 -0.3624912604351368
 0.0192264558385806
 0.2651662301599775
 0.04605520520562234
 0.01018143929611487
 1.220687102456888
 -0.1186413946340537
 -0.149024933392217
 0.001224698896131957
 -0.07297252987895285
 -0.2053120794408509
 0.290929823325648
 -0.1338868495950605
 -0.197621908594196
 0.1901707232558846
 -0.03437519712875575
 0.06895046768534006
 -0.04467965747858556
 0.01387240341163398
 0.05372018522665785
 0.02431539606389247
 -0.1050638202569694
 0.7728615063732134
 0.7153691356170332
 -4.194466389419882
 -0.3756901290777768
 0.04717051109499072
 -0.1204508139906917
 -0.1563034462354991
 0.03348806809098251
 0.1420575429388963
 0.0849006485587641
 -0.139377526401208
 -0.06846878599304862
 -0.2066955912912818
 -0.6426119121414893
 -0.005950450504981051
 -0.04845485565327715
 0.04476406210235048
 -0.01808964769601112
 -0.2999309155207742
 0.05967457480775216
 0.14014696379302
 0.5830938621893931
 -0.07162815052193448
 0.09656582265272633
 0.05253439777603189
 -0.04965226190888569
 -0.03430240126129221
 -0.1014707310536898
 -0.01789718134422565
 -0.170203591642637
 -0.1138778802680931
 -0.1874457143730868
 0.07426898789107474
 -0.1930269529447945
 0.2097852483552521
 0.255455346119579
 0.01233496736035888
 0.1850996733778343
 -0.05509582268203991
 -0.09544990190060279
 0.08527188329575781
 -0.07053599830169729
 0.001795484073523866
 -0.123012811425794
 -0.004804142300414134
 -0.4171403957559576
 0.05362899657925676
 0.9127134577544118
 -0.05759153388993356
 -0.08745447012124687
 -0.17773018862618
 -0.09156897729731459
 0.09248521648265193
 -0.0118006933900905
 -0.03898712705993126
 0.08431139757078182
 -0.03903043194280861
 -0.1040206562434745
 0.07867847478147263
 0.3419302070459395
 0.01064911324880718
 -0.4415140032649559
 0.3306438061322494
 0.01081573900235792
 0.03495126053364324
 -0.4125198695182032
 0.0009229752909429901
 -0.1414841657289286
 -0.0288199016894098
 -0.1080291147054045
 0.1091733686272229
 0.06855652355828851
 -0.2997627785369177
 0.04856902644267247
 0.3189464904885146
 0.1433632302388735
 -0.3648523098279915
 0.4373798192064532
 -0.06847234253172567
 0.05720521286459911
 0.02295210813739332
 -0.4029342303826862
 -0.183699773300498
 -0.03679414028634152
 -0.1352176949462942
 -0.7639742385321211
 -0.0918602563700104
 -0.03723236771684561
 -0.01999368929392976
 -0.5029278818860357
 0.09083249983162646
 0.0305873471915014
 0.01373582648084872
 0.01225591462549801
 0.462864347198127
 0.05172627760057543
 -0.2899524011617639
 0.003703048830224152
 -0.2376415315727767
 0.2937832257383529
 0.06695107036454437
 0.07113004795738845
 0.02005770450088299
 -0.07923652394611769
 0.6372251102641656
 -0.0678852658738129
 0.02104121925630331
 0.09145997965900439
 1.438737478671693
 0.07858459078880846
 0.221359419270648
 -0.195972196848978
 0.07968101471349812
 -3.233864808066013
 0.1235927390792209
 0.07777497832077804
 0.2815100925292214
 -0.1707258144978675
 0.02819170317860186
 -0.03594304408468167
 -0.09317724809928675
 0.7276198730847255
 0.01672629105595038
 -0.07447302332283218
 -0.05720974219695003
 0.2359232504055887
 -1.321387414105324
 0.1839803039858297
 -0.2357029809779348
 -0.1692280846116248
 0.2005406025704511
 -0.1156036342023212
 -0.02826697507060996
 0.08135435134510421
 -0.2947040792785678
 0.08284832240769932
 1.737278597251365
 -0.1857290337259757
 -0.01749279206509726
 0.112024847214291
 -0.02413715281725821
 -0.0846763102197145
 0.08201547395672715
 0.1324451660000721
 -0.01632157804935996
 0.07689774086631102
 0.04264696935534697
 -0.01446666181083463
 1.158521240377227
 0.01544871233005551
 -0.351980975678705
 0.1204139828889496
 0.002697612343424131
 0.1718132867402355
 0.01976907019586302
 0.1721237562005138
 0.02423493334582821
 0.1485570130236436
 0.1445436402482591
 0.1254971759412803
 0.1287752831195341
 -0.06538062536333869
 0.05216356442503792
 -0.07487763272511375
 0.1061374602093513
 -0.005556134445876959
 0.2143979761495916
 0.09237393205081519
 0.08361006989943236
 0.3476365390749467
 0.03138172863041101
 0.06550821601563581
 -0.05168555898099746
 -0.0824170283687041
 -0.2660203151284046
 0.06312135055811487
 -0.1493691819902023
 0.2234009456246582
 0.1172426890199652
 0.0006093512560364917
 0.2432026639460416
 0.0001313199119695658
 -0.2344580013771129
 0.0001317531072930655
 -0.3806530719863894
 0.1249809671087675
 0.04518975647292806
 -0.6358953961230779
 -0.4226401960062178
 0.0850612560215746
 0.2362672371043258
 -0.291076054196258
 0.2142038921009299
 -0.05935213760937309
 -0.2019046793569104
 -0.1156677361285213
 1.114744858525016
 0.03818700981861151
 -0.1124897520965225
 -1.181679641324091
 -0.4376618314540003
 0.0158056998679844
 0.1500653329167809
 -0.09194396174013875
 -0.0578402488505266
 -0.03579748001748272
 0.1523066210534412
 -0.9306263416333946
 0.1236280123434261
 -0.2001554394428603
 0.2041331719873691
 -0.1730906562042371
 0.3211547390153783
 -0.05986805146773343
 0.06345140111004988
 -0.04074433101426932
 -0.1198009388123095
 0.338539204103249
 -0.004374628685284578
 -0.07531029445008826
 0.002472872351834321
 -0.05975995834787608
 -0.1267813017043448
 -0.09675687958528909
 -0.2707309284314265
 -0.006933039863330923
 -0.02275016526493557
 -0.3652430941711001
 0.1331379927214271
 0.1804895452288237
 0.6375743434793972
 0.6020336734154015
 0.1050659161250741
 0.2973104826330528
 -0.1955059214855042
 0.03963058936079575
 0.01189648731947135
 0.3163741393385323
 0.3165391896615352
 0.004187163361577311
 -0.1162597500213065
 0.1024169744776519
 0.1817928761193508
 -0.4780884948730827
 0.09871366986228342
 -0.01275345322276213
 -0.2632330542535684
 0.07903120054102497
 -0.2741844031178612
 0.07523174890951558
 -0.1971807372603648
 -0.04218384379871303
 0.06747470293998868
 0.808459407230932
 0.06521462600468822
 -0.103176449852634
 0.4334385048513411
 -0.04301893638150876
 -0.5000752779811226
 -0.1384667112475962
 0.1518951859728585
 0.01326405465471865
 0.3324804425791728
 -1.07006991772705
 -0.105850750031892
 -0.05484391347581853
 0.1877678427471237
 -0.08644415376428018
 -0.288396224537236
 0.0378566060500996
 0.2995190820648303
 0.138837005301612
 -0.05521232876237489
 -0.03395526665263119
 0.2392331910147922
 -0.01938646562343692
 -0.2943894640133581
 -0.04163827526570625
 1.235028243278709
 0.04474954859458785
 -0.2151186968585499
 -0.1263143073119726
 0.2135658756061241
 0.1297732408706849
 0.263978685609112
 0.07901322232815516
 -0.08346908979656523
 -0.1644568753570934
 0.1928802688810717
 0.3178896497457248
 -0.0698353966661817
 -0.06786831861379165
 0.03682618665937825
 0.2816641989690666
 0.1643424592869684
 0.1222117721264922
 -0.002683930860426065
 -0.5377563140707661
 -0.1416897805711355
 -0.04739508769883973
 -1.120576167017127
 -0.07696300647088374
 0.03366590736545361
 0.04196321167274032
 0.1100571311445261
 -0.02433912690016616
 0.3422071260794381
 -0.04523914828180234
 0.04759573980495335
 -0.1031327821114519
 0.1381116238234802
 0.1681566714278853
 -0.09499475518586453
 0.1112007226747732
 -0.03938618065059979
 0.05759551426611455
 0.1910796103814891
 -0.2648773664038714
 -0.1065993877493212
 0.06083850259894055
 0.04208252539404647
 -0.223639670166417
 0.07003195428565648
 -0.2516881223705537
 0.07966705821549915
 -0.04042805113151136
 0.05140481083741828
 -0.02454164482957619
 -0.0179594466601195
 0.167902027796377
 0.1425777958653944
 -0.9553132926904919
 0.3588223545943885
 0.1537118679782241
 0.04942673595012262
 0.08034674788654013
 -0.6347209735237629
 0.0225600587376194
 -0.4034426507403289
 -0.08460561419899731
