# Created by Octave 3.8.0, Sat Oct 10 00:41:27 2015 EDT <zhuchongwei@ZhuChongweideMacBook-Pro.local>
# name: w
# type: matrix
# rows: 1024
# columns: 1
 0.01190901597928937
 0.04689031576009737
 0.355977003958683
 -0.1695175348851429
 0.008287285688468789
 -0.1408080005674299
 0.07025519224166393
 0.5849112663498557
 -0.0527053431339415
 0.08272286209772617
 0.1195366585849796
 -0.1571325811188831
 0.08334334164712213
 0.0091967056990718
 0.09463981721362517
 -0.01984781105624172
 -0.0509638136834255
 0.03546553368365037
 0.2944271455728374
 0.6474977520518288
 0.2874839716631628
 0.08349911562414686
 0.1139018247312347
 0.1010189504693558
 0.02451099031701778
 -0.1841976293363282
 0.1173922464146884
 0.1244741237514759
 0.05660913310604398
 0.09311086230482531
 -0.03227209883282203
 0.2212024951860095
 0.1243089560738164
 -0.2595150826133296
 1.203810048338739
 -0.1144446137856897
 0.129872746902526
 0.09490767464799085
 -0.1739007560409781
 0.4917438747624142
 0.0997149227745059
 0.08803079407782677
 0.0006435002309894266
 0.3165523816144901
 0.2046722690909175
 0.08076410758756905
 0.03075961433760932
 -0.2419457416964213
 -0.03762813202473207
 -0.02809594833006259
 -0.06492304706236579
 0.07775225116277981
 0.1102514390410154
 0.6901984434256705
 -0.4133091065601862
 0.2315223284866368
 -0.05915020736018083
 0.1895735989235824
 0.03913900712257417
 0.3101034253912929
 0.921368944139363
 -0.04205256871179714
 0.124667139109789
 -0.4871944768355975
 0.06196435545188285
 0.189847062074581
 0.1518322182744875
 0.01131559771341702
 -0.02096103935745779
 0.09595518712878583
 3.581596827291183
 -0.05014314221884537
 -0.07654143035042459
 -0.003238672393716465
 -0.7838620142892837
 -0.5869263255669304
 -0.2726559643409129
 -0.05650714079736565
 0.1880666594653376
 0.09358743452054824
 0.002848867157751947
 0.03707927037431942
 0.1259761432805005
 0.07099122799793793
 -0.03941458111724083
 0.301815840326536
 0.01623651646532985
 0.07712112448814952
 0.2074365066953935
 0.229656697662334
 0.08909701463168691
 0.2249881702768881
 0.08137308481804158
 0.05647478987044274
 -0.1621673214483176
 -0.07510626218403665
 -0.08378526938700193
 0.389246538728264
 -0.1200422800355769
 0.4854577944014792
 -1.062017075220586
 0.06862029923209999
 0.1349397286495693
 0.2155499831118061
 -1.707373003588851
 0.0889179535279602
 -0.2208830717529149
 0.1356421819415585
 -0.6557941631102937
 0.349722990336968
 -0.1837413008256116
 0.1946004601256167
 0.5440823762133388
 0.03870471442414748
 0.03398550078850042
 -0.0224395647702102
 -0.9810749411374892
 -0.08261537997958186
 0.1615411151627654
 0.1194706197573337
 0.286161953750155
 0.29719634217832
 -0.03653714548775486
 -0.1765270526199755
 -0.2690193162673694
 0.03446031601473912
 0.002939012235421191
 0.02055660617300498
 0.08959387038288869
 0.2727965975767562
 -0.1035643937338516
 -0.05729252202415504
 -0.2522994747924383
 0.1440554109743574
 -0.01140702175899853
 0.2196415428105027
 0.1555708292179171
 -0.22578365187215
 0.02374816461323903
 -0.02095634838710901
 0.1320360962087803
 0.08183425059046941
 0.1368500757823381
 0.1255749134321782
 0.4432186412158613
 -0.2776412098803964
 0.09341963592723965
 0.1907732825710804
 -0.1176073806285536
 0.04429624997288104
 0.1051588206231227
 0.1869840096029727
 -0.06699980930650688
 -1.46078961270223
 -0.3913834262197968
 0.2377625012132615
 0.0009847667262438493
 0.6665805897354844
 -0.5307204869968752
 0.09482588473554394
 0.1543981811614867
 0.1047820570127058
 0.9217249289860781
 -0.1732559319213296
 -0.639272239988128
 0.6952683122560824
 0.1767360484611092
 0.04390485175113833
 0.02393356251785195
 0.1152739006251322
 -0.8283990150360144
 0.03913022080184825
 0.5910900312070622
 -0.1567449364785821
 0.09154472234783378
 0.102401643122018
 0.01325271790467043
 0.009079857247671502
 0.871020415925889
 -0.4287516532996267
 0.03289943375230443
 0.0697348547921867
 0.1079165165515226
 1.404498487601198
 0.1651641919455826
 -0.007597916638643894
 -0.2149194961708031
 -0.01022230376177779
 -0.0627435569307325
 -0.06205074043525216
 0.1615924781838339
 0.08866773331359024
 0.08498274983687454
 0.05886852615816277
 0.4649587121212076
 0.06590127260219288
 -0.3862280014065184
 -0.0848554562070786
 0.05255425045707209
 -0.08041278866086274
 0.09031531042324922
 -0.8249472015106671
 0.1454586564361212
 -0.7187069337863128
 0.1593904460055756
 -0.0642574149337395
 0.1173608563454719
 0.1275632864357622
 -0.02444633978750009
 0.1706513186792187
 -0.4710810526537979
 0.1174806456609453
 1.177929143675885
 0.1001157573553721
 0.05457745575794776
 0.188839814566094
 -2.127460174003554
 -0.213143718015144
 -0.232877219853781
 -0.06066874658963795
 -0.2216838669005264
 -0.6916827385143125
 -0.02383892914863374
 -0.1633908305668815
 0.2617528673518487
 0.2955142729316722
 1.419848280822578
 0.07589656582568712
 0.08957041926104707
 0.1674465463913401
 0.004770170214793849
 0.1264927712286117
 0.1529507000859851
 0.2407504148954236
 -0.1013870799931124
 0.4617296065142407
 0.1924397474455904
 0.09097462015211154
 -0.1221823737427605
 0.3860196381772732
 0.1257803055911808
 0.1002812920475526
 0.007597639941996368
 -0.489267341678154
 0.5670817584567823
 -0.1028258711613786
 -0.4810030981381362
 -0.04264214599865363
 0.5059932632639472
 0.09714535106243101
 -0.1036618786515268
 0.1490761513677475
 0.2158477591643954
 0.2860329645106194
 0.09627833798755007
 -0.1114633627984194
 -0.105448195701382
 0.0781334795523029
 0.1571257312483581
 -0.1110729993816075
 -0.07592860560265874
 0.2900306209692825
 -4.018038469596545
 0.08027833657616761
 -0.1169170226101411
 0.08894205885073285
 0.6007614335570576
 0.01498979382409835
 0.2077214542762637
 0.1368016146997579
 -0.03243262767262848
 -0.08724162157720895
 0.143579915364586
 0.07731289994672907
 0.02713029572926815
 0.1704301961058263
 0.07962471232961114
 0.0933441753948818
 0.2611097451441071
 0.07163950433602277
 -0.00606726056189832
 0.03926517211085923
 -0.07336212854495003
 0.0621381188320241
 -0.1032187035606613
 0.06492052357859225
 0.1543732385152314
 -0.265060027385
 0.03690516433687239
 0.4968884022663762
 -0.05177935350386852
 0.1403637515481362
 0.1215671644275707
 -0.1150670184835315
 0.1205116162106046
 0.9976272179956974
 0.5225177003663264
 -0.009228009489692993
 0.004193075345302464
 0.08782632085225631
 2.135960729004625
 0.1115951176664024
 0.7349638637077938
 0.2310700477261673
 0.1645884161479564
 -0.01884665856630137
 0.4149655757549151
 -0.1321255355173762
 0.1622603454929979
 0.02344809114934705
 0.6786010844382343
 -0.00829846204470442
 0.4789087884465753
 0.1060397709885413
 0.2941907985143625
 0.1046638281594046
 0.113442124148409
 -0.0309922658077182
 0.2661414890654693
 -5.864385541734727
 0.04093709762870111
 0.1762064859868913
 0.3779119304597829
 0.2553007560763917
 -0.354386154330318
 0.7356948053728202
 0.05065987187252616
 0.183012571501541
 0.2198620043899716
 0.07694178421278609
 0.3246275142954077
 -0.1527126599540864
 -0.1955849271913508
 0.1697957540241548
 0.1402917455099501
 0.2332068035878279
 -1.055117853775978
 0.4554105703719178
 0.02096822838503978
 0.1315762548147394
 -0.06728014370381358
 0.1127855357090908
 0.04771599592627141
 -0.04575397948088038
 0.05498065735299656
 -0.1090461154429948
 0.2350689508638726
 -0.07124340851407153
 -0.2083529960764688
 0.07055913073038529
 0.2206317038754988
 -0.09020656681567743
 0.01250596057648961
 -0.2043652975131499
 0.3238939257238365
 0.2945845837979502
 0.1832740266020596
 -0.06149454916855777
 0.2465542226076312
 -0.08591586419588476
 0.7929295787922891
 0.1184274163288712
 0.0426762974859153
 0.1402249858330926
 0.09178042317094598
 0.1093913797916639
 0.04815082695727286
 0.1516048286172741
 0.005966477339773398
 0.03926189557931766
 -0.1575335054094035
 -0.1198764747408579
 -0.250230652357939
 -0.2807497738489921
 -0.01971793732144545
 0.09710035567448723
 -0.01815319853440642
 0.9959535625068823
 0.09189422770530727
 0.003039295800992681
