# Created by Octave 3.8.0, Sat Oct 10 00:06:36 2015 EDT <zhuchongwei@ZhuChongweideMacBook-Pro.local>
# name: w
# type: matrix
# rows: 1024
# columns: 1
 -0.001681437342206215
 0.01618868843953784
 0.1343865876066672
 -0.0862249469717809
 0.002867237504348307
 -0.06254368232051705
 0.02639177246476894
 0.279886421395557
 -0.0308246674712343
 0.03282685114515459
 0.04478092001191588
 -0.07580867474972573
 0.03300581076975707
 0.003461920944706183
 0.03952826749197758
 -0.01466684562783649
 -0.03100949979761163
 0.01410864837808752
 0.1294901296177743
 0.2875753946739543
 0.1293722511956654
 0.03052269235405715
 0.04846103937049006
 0.0446221203688876
 0.007295464304798297
 -0.1049575359172899
 0.04760752245575962
 0.05446656132089726
 0.02157499231284825
 0.04188547665623998
 -0.01564818324260906
 0.09864770969862938
 0.05568073603209067
 -0.08464893095591891
 0.5278555232969123
 -0.06158052855112534
 0.05540161331798428
 0.03980091130418859
 -0.09270304635124864
 0.2218222540280251
 0.04367670217131454
 0.03567762338683081
 -0.001230185154237527
 0.1332903745055716
 0.07942570533746209
 0.03131990725123496
 0.009567035695449859
 -0.1129322305507418
 -0.01992958533051719
 -0.1774464410859326
 -0.05318292815158927
 0.02343703005499036
 0.04455389282938297
 0.2975945583558764
 -0.2255605355314692
 0.1020556465074729
 -0.02689245936948811
 0.05778062103191921
 0.01256649975485444
 0.1345198766947823
 0.4202092078727183
 -0.02817958359235842
 0.05468505636186322
 -0.2585003463578422
 0.02560068683088418
 -0.003505597179078212
 0.06562533203999261
 0.004011169353677882
 -0.01689989293835956
 0.04135562460481324
 1.574312457606616
 -0.02283672332004674
 -0.03081961005432217
 -0.001114235411573225
 -0.3490624255612692
 -0.3204380627834374
 -0.1410503103476885
 -0.1216746676059005
 0.0858368050660631
 0.03433345661453108
 -0.004186715226614103
 0.01541652939371232
 0.05426495898390326
 0.03243844150370141
 -0.03266711787151035
 0.1300437543383847
 0.0006022271279853
 0.03253270590868307
 0.08572865705609886
 0.0989353818376717
 0.04029538070146028
 0.1003821975519463
 0.02879304773811103
 0.02433577863782008
 -0.09264658223786741
 -0.03743494941371253
 -0.04300451518632769
 0.1720312328489696
 -0.05222682965085323
 0.2605921521669192
 -0.5422788407143257
 0.03026206706887574
 0.05324558767352729
 0.08963656466576454
 -0.8548728666868403
 0.03835975702959007
 -0.103890323136137
 0.04031468446222245
 -0.3151198407515364
 0.14738666631259
 -0.1710657248248127
 0.0847868623628006
 0.2241826468324599
 0.01328939626774532
 0.01389886194401399
 -0.01624256971036207
 -0.4942980549926477
 -0.04348885148971485
 0.0711522944543089
 0.05160391587816645
 0.1290882432077027
 0.1393594085358401
 -0.01880627344593727
 -0.08592175265842796
 -0.1224115726747132
 0.01506904636731388
 -0.004130896192859074
 0.01226510777733227
 0.04596584793621411
 0.1320625109771194
 -0.04570760390244758
 -0.02598422581915812
 -0.1299406372547896
 0.06197991402084229
 -0.006236643338119722
 0.09901034312107078
 0.0637506623860131
 -0.1046992363714488
 0.006960045796871031
 -0.01369843014906739
 0.05694260515691729
 0.03601813929271274
 0.05974475625486215
 0.05278153247667869
 0.2246373288823171
 -0.1511194710013655
 0.04171838171024665
 0.08066063540654483
 -0.05842015397892074
 -0.07104050095265314
 0.04448334373913159
 0.07892467667379426
 -0.02583198827050659
 -0.7023434119016879
 -0.1904340236572412
 0.1154014142543357
 -7.465802355780843e-05
 0.2964500823808818
 -0.2885503848073221
 0.03996108815184596
 0.05351346300546823
 0.04412323816712939
 0.4208319468069496
 -0.09606378237896106
 -0.7430005917542841
 0.3031298686057315
 0.0732420009089419
 0.01372249748846701
 0.002027282910071523
 0.05019012433452188
 -0.4379584149881582
 0.01152517113713782
 0.26550114156678
 -0.08704286925164909
 0.04068375362903978
 0.05300430673591826
 0.000861327354801508
 0.004491161109925185
 0.3620114987766746
 -0.2056284078605123
 0.01195441864711022
 0.0308966570583959
 0.04554018733083267
 0.6355654358313639
 0.07219950126444735
 -0.01505777189955108
 -0.1948980233272735
 -0.009479549545016532
 -0.02955907896990104
 -0.03016572643934486
 0.0688645865690575
 0.03200337901337115
 0.03540115352209747
 0.02146829335357874
 0.188493086695756
 0.03112047486311252
 -0.2036430167560521
 -0.04653821997734234
 0.02016792952491245
 -0.04172155378691042
 0.0412956992729839
 -0.5895290315217689
 0.05770940561569855
 -0.4235661664570461
 0.06231042130885623
 -0.03012697445379413
 0.0409596109064235
 0.05087146946879043
 -0.01474564568235897
 0.07562850255832824
 -0.2463033999713658
 0.05023420185106604
 0.6007497945419543
 0.04116264450442455
 0.01099873606277638
 0.06862503228467773
 -1.483934978713347
 -0.1330112035779573
 -0.1219669066250845
 -0.03314346280542391
 -0.1099136395037318
 -0.3727341728619898
 -0.01676550526951777
 -0.09408480460845557
 0.1159337859620312
 0.1364474195858128
 0.6809726829590929
 0.03233692453392163
 0.03152250938556378
 0.07100830856550312
 0.007101641581847015
 0.05500017327423382
 0.06300961359077664
 0.1025690594851632
 -0.05835357630310817
 0.2028991019324022
 0.07931130552000079
 0.03716227469171928
 -0.05772771140665235
 0.1693098185333745
 0.04959687346511565
 0.04026565658690574
 -0.003839567939754823
 -0.2788447124709705
 0.2521176000268708
 -0.05820053909432944
 -0.231055549156725
 -0.02391606729598654
 0.2260855004867676
 0.04100730369385393
 -0.04173890861893686
 0.0653579103250211
 0.09138240729128874
 0.1244658591822603
 0.04218083047636637
 -0.05174995033699474
 -0.05217045225846228
 0.03438194555206258
 0.0653167868347013
 -0.04796252717550415
 -0.04171009644683581
 0.1213487058260869
 -2.344714326464945
 0.02924073956232393
 -0.05813326239268533
 0.03091949538344745
 0.2737023917063849
 -0.0002412911842612057
 0.08769345673679735
 0.0605684461517351
 -0.01935045806224676
 -0.1111332491464704
 0.06317840925124232
 0.03176478626802184
 0.008380534873549332
 0.0687280128238083
 0.03486609284870749
 0.0337247542425369
 0.1195008992125862
 0.02496492408465454
 -0.004837380757676397
 0.01681488957629339
 -0.03829178267541836
 0.02238059882432227
 -0.05846911851758558
 0.02683897606002519
 0.06443352319590649
 -0.139369249804014
 0.01317187683936663
 0.204680283524495
 -0.02386434016232037
 0.06193426569036988
 0.05231349976666351
 -0.05820334418071607
 0.05480361983079548
 0.6087756433094095
 0.2427312430565042
 -0.007364256974417786
 -0.0008634590204634278
 0.06306929012418812
 0.9862140283882253
 0.04775284260309611
 0.2931073914726813
 0.09795506653193914
 0.0702993079717447
 0.001332153213603564
 0.1892690076770685
 -0.02816345164479746
 0.06854238572645942
 0.001036319272510081
 0.2877312495783075
 -0.04072321139172107
 0.199466284669486
 0.04855939053900972
 0.1234472543526546
 0.04761465457484326
 0.04717725757742911
 -0.02052036800033936
 0.1202681402045731
 -3.964176846447986
 0.01852327243524169
 0.08725598507425861
 0.1646791367879923
 0.09758068234098394
 -0.265045158494033
 0.3103699658323874
 0.02185821653807303
 0.02069626209220371
 0.09073823512781391
 0.02663382745841208
 0.1387626921447859
 -0.05530118582329759
 -0.1299045583789328
 0.06705695886652351
 0.05749212066074608
 0.09713603176298874
 -0.5311586442716653
 0.2013639374485971
 0.006400798511164767
 0.05971183053008201
 -0.03240715635301417
 0.04744289106007298
 0.02288794196165933
 -0.03139765762998099
 0.02155743078575701
 -0.05608680031564314
 -0.3169719637312203
 -0.04158321437344256
 -0.06790367301964038
 0.02871529755621879
 0.1196483780752034
 -0.03696153433782694
 -0.01143992399351401
 -0.1040656327524389
 0.1441405622461881
 0.1260134169520369
 0.07720098746075024
 -0.05765686466455587
 0.1118403738172398
 -0.0396235679075654
 0.3356481166489962
 0.05373040804585266
 0.01514603878393557
 0.05872466852820021
 0.03384693988396142
 0.04530037356987748
 0.02599792985169215
 0.06603686532699787
 -0.001108523786527841
 0.02006790884067945
 -0.07118286505627376
 -0.05924626110991313
